product_id	collectionid
15227327185245	663572906333
15227349238109	663572906333
15230464721245	663572906333
15227307852125	663572906333
15230460330333	663572906333
15559769358685	663572906333
15559757300061	663572906333
15227306738013	663572906333
15227401339229	663572906333
15227353858397	663572906333
15227322204509	663572906333
15227310014813	663572906333
15227402879325	663572906333
15227401830749	663572906333
15559714603357	663572906333
15227334197597	663572906333
15559612432733	663572906333
15227322499421	663572906333
15227308081501	663572906333
15230190977373	663572906333
15230459969885	663572906333
15559465075037	663572906333
15230461116765	663572906333
15227349041501	663572906333
15227322335581	663572906333
15559803011421	663572906333
15559803404637	663572906333
15227305328989	663572906333
15227309326685	663572906333
15230459511133	663572906333
15227337900381	663572906333
15227401797981	663572906333
15230463410525	663572906333
15559612694877	663572906333
15230190616925	663572906333
15230190125405	663572906333
15559802552669	663572906333
15559804485981	663572906333
15559507706205	663572906333
15227311259997	663572906333
15230189961565	663572906333
15227366605149	663572906333
15559774503261	663572906333
15227311096157	663572906333
15227307884893	663572906333
15227305722205	663572906333
15227308769629	663572906333
15559767523677	663572906333
15230191010141	663572906333
15559805665629	663572906333
15559711031645	663572906333
15227309687133	663572906333
15227310408029	663572906333
15559710769501	663572906333
15559767884125	663572906333
15227401896285	663572906333
15227332690269	663572906333
15227306312029	663572906333
15403050107229	663572906333
15227370439005	663572906333
15230463279453	663572906333
15227353432413	663572906333
15227307622749	663572906333
15227401634141	663572906333
15559613907293	663572906333
15559614103901	663572906333
15230190387549	663572906333
15230190715229	663572906333
15227400388957	663572906333
15230458331485	663572906333
15230460723549	663572906333
15227364540765	663572906333
15403050402141	663572906333
15403050369373	663572906333
15230190518621	663572906333
15230190485853	663572906333
15559501087069	663572906333
15230461509981	663572906333
15230464524637	663572906333
15230456332637	663572906333
15227308671325	663572906333
15559769227613	663572906333
15230190420317	663572906333
15227402027357	663572906333
15230464295261	663572906333
15230465540445	663572906333
15227366080861	663572906333
15227365163357	663572906333
15559507542365	663572906333
15559623246173	663572906333
15227332264285	663572906333
15227307786589	663572906333
15559673348445	663572906333
15227399962973	663572906333
15559673184605	663572906333
15227364311389	663572906333
15401600745821	663572906333
15401600090461	663572906333
15401598976349	663572906333
15403207295325	663572906333
15403207623005	663572906333
15403206213981	663572906333
15403207786845	663572906333
15403207164253	663572906333
15403206279517	663572906333
15403050271069	663572906333
15403050303837	663572906333
15227367358813	663572906333
15227372798301	663572906333
15227369947485	663572906333
15227372110173	663572906333
15227371651421	663572906333
15227371979101	663572906333
15227369587037	663572906333
15227368997213	663572906333
15227370570077	663572906333
15559514489181	663572906333
15559757398365	663572906333
15559767687517	663572906333
15559769522525	663572906333
15230190289245	663572906333
15230189863261	663572906333
15230190813533	663572906333
15230190879069	663572906333
15230190223709	663572906333
15559768080733	663572906333
15230190354781	663572906333
15230190944605	663572906333
15559769063773	663572906333
15230190453085	663572906333
15230189830493	663572906333
15230190551389	663572906333
15227337441629	663572906333
15559789674845	663572906333
15559804223837	663572906333
15559862911325	663572906333
15559669449053	663572906333
15559804846429	663572906333
15559805075805	663572906333
15559805403485	663572906333
15559757201757	663572906333
15559768867165	663572906333
15559806058845	663572906333
15559488078173	663572906333
15559488176477	663572906333
15559488700765	663572906333
15227401273693	663572906333
15227400978781	663572906333
15559711228253	663572906333
15227401044317	663572906333
15227400913245	663572906333
15227401503069	663572906333
15227401863517	663572906333
15227400749405	663572906333
15559711392093	663572906333
15559711555933	663572906333
15230458593629	663572906333
15559714537821	663572906333
15230457610589	663572906333
15230462165341	663572906333
15230455284061	663572906333
15559722631517	663572906333
15230462853469	663572906333
15230459674973	663572906333
15230457839965	663572906333
15230461772125	663572906333
15230458921309	663572906333
15230464885085	663572906333
15227364082013	663572906333
15227365982557	663572906333
15227367031133	663572906333
15227364442461	663572906333
15559506362717	663572906333
15559507673437	663572906333
15559611187549	663572906333
15559611318621	663572906333
15559611351389	663572906333
15559611679069	663572906333
15559612301661	663572906333
15559614333277	663572906333
15559622164829	663572906333
15559622263133	663572906333
15559622459741	663572906333
15559623016797	663572906333
15559623278941	663572906333
15227355464029	663572906333
15227354644829	663572906333
15227351892317	663572906333
15227359723869	663572906333
15227347992925	663572906333
15227346321757	663572906333
15227350581597	663572906333
15227341701469	663572906333
15227342455133	663572906333
15227336589661	663572906333
15227335377245	663572906333
15227352842589	663572906333
15227344650589	663572906333
15559461634397	663572906333
15227349926237	663572906333
15227355300189	663572906333
15227339604317	663572906333
15227345273181	663572906333
15227333902685	663572906333
15227346649437	663572906333
15227352252765	663572906333
15227352580445	663572906333
15227342881117	663572906333
15227334033757	663572906333
15227349565789	663572906333
15227353727325	663572906333
15227353268573	663572906333
15227350909277	663572906333
15227354906973	663572906333
15227343896925	663572906333
15227334918493	663572906333
15227349729629	663572906333
15227332952413	663572906333
15227339899229	663572906333
15227341898077	663572906333
15227352088925	663572906333
15227343470941	663572906333
15559774699869	663572906333
15227342225757	663572906333
15227346026845	663572906333
15227353006429	663572906333
15227355726173	663572906333
15227341570397	663572906333
15227347042653	663572906333
15559774732637	663572906333
15227336163677	663572906333
15227339243869	663572906333
15227333738845	663572906333
15227342750045	663572906333
15559465173341	663572906333
15559465304413	663572906333
15559465337181	663572906333
15559507738973	663572906333
15559512228189	663572906333
15559612957021	663572906333
15559613120861	663572906333
15559622852957	663572906333
15559773290845	663572906333
15559836762461	663572906333
15227313619293	663572906333
15227309424989	663572906333
15227306115421	663572906333
15227314569565	663572906333
15227311227229	663572906333
15227326169437	663572906333
15227323384157	663572906333
15227311063389	663572906333
15227321418077	663572906333
15227312406877	663572906333
15227312603485	663572906333
15227310047581	663572906333
15227310801245	663572906333
15227310965085	663572906333
15227306770781	663572906333
15227306180957	663572906333
15227315028317	663572906333
15227327021405	663572906333
15227311489373	663572906333
15227311358301	663572906333
15227304575325	663572906333
15227307065693	663572906333
15227309556061	663572906333
15227305492829	663572906333
15227307819357	663572906333
15227307000157	663572906333
15227306279261	663572906333
15227314733405	663572906333
15227311849821	663572906333
15227328561501	663572906333
15227325514077	663572906333
15227306541405	663572906333
15227310604637	663572906333
15227308933469	663572906333
15227305886045	663572906333
15227313095005	663572906333
15227311161693	663572906333
15227310178653	663572906333
15227312210269	663572906333
15227310997853	663572906333
15227308573021	663572906333
15227305623901	663572906333
15559783743837	663572906333
15559783874909	663572906333
15559784595805	663572906333
15559784989021	663572906333
15559534444893	663572906333
15559802782045	663572906333
15559803076957	663572906333
15559803240797	663572906333
15559803470173	663572906333
15559803568477	663572906333
15559803732317	663572906333
15559803863389	663572906333
15559674003805	663572906333
15559500530013	663572906333
15227402846557	663572906333
15227401142621	663572906333
15227402682717	663572906333
15227402256733	663572906333
15230463639901	663572906333
15559722271069	663572906333
15559722467677	663572906333
15227363819869	663572906333
15559611547997	663572906333
15559465271645	663572906333
15559465435485	663572906333
15227307295069	663572906333
15227311751517	663572906333
15227310834013	663572906333
15227305558365	663572906333
15227309031773	663572906333
15227310866781	663572906333
15227304968541	663572906333
15268167319901	663572906333
15227310473565	663572906333
15559785218397	663572906333
15227326824797	663572906333
15227319058781	663572906333
15227315224925	663572906333
15227310342493	663572906333
15227368702301	663572906333
15403209490781	663572906333
15227321614685	663572906333
15227312013661	663572906333
15227323580765	663572906333
15227310702941	663572906333
15227308540253	663572906333
15227368210781	663572906333
15227327643997	663572906333
15403208212829	663572906333
15227308507485	663572906333
15227321123165	663572906333
15227351302493	663572906333
15230455087453	663572906333
15230456037725	663572906333
15230458134877	663572906333
15227328364893	663572906333
15227311915357	663572906333
15401597927773	663572906333
15403208409437	663572906333
15403204936029	663572906333
15403209359709	663572906333
15403208802653	663572906333
15403208704349	663572906333
15403208540509	663572906333
15403209916765	663572906333
15403209228637	663572906333
15227368538461	663572906333
15227367522653	663572906333
15230190027101	663572906333
15559488897373	663572906333
15227401208157	663572906333
15227400618333	663572906333
15227400192349	663572906333
15230456529245	663572906333
15559722533213	663572906333
15230463115613	663572906333
15559622590813	663572906333
15227334754653	663572906333
15227324498269	663572906333
15227315716445	663572906333
15227320828253	663572906333
15227321778525	663572906333
15227313324381	663572906333
15227315552605	663572906333
15227320598877	663572906333
15227320303965	663572906333
15227305853277	663572906333
15227315355997	663572906333
15227322663261	663572906333
15227322827101	663572906333
15227326333277	663572906333
15227327807837	663572906333
15227311718749	663572906333
15227328725341	663572906333
15227309949277	663572906333
15227323908445	663572906333
15227327971677	663572906333
15227310768477	663572906333
15227310735709	663572906333
15227317256541	663572906333
15227318796637	663572906333
15227328201053	663572906333
15227323056477	663572906333
15227323220317	663572906333
15227316535645	663572906333
15227306606941	663572906333
15227309621597	663572906333
15227329085789	663572906333
15227327349085	663572906333
