product_id	variant_id	sku	price
15630965244253	58575248589149	KD26764	8.83
15630965342557	58575248785757	KD26635	6.18
15630965440861	58575248884061	KD26636	9.5
15630965506397	58575249047901	KD29202	7.08
15630965571933	58575249113437	KD18164	5.88
15630965604701	58575249178973	KD18166	7.81
15630965670237	58575249244509	KD18167	6.24
15630965735773	58575249342813	KD18169	7.2
15630965801309	58575249408349	KD22240	4.28
15630965866845	58575249473885	KD24091	3.05
15630965965149	58575249539421	KD24718	2.04
15630965997917	58575249834333	KD11083	3.05
15630966030685	58575249867101	KD11089	2.42
15630966128989	58575249998173	KD11113	3.08
15630966194525	58575250162013	KD11114	3.4
15630966260061	58575250260317	KD11118	4.2
15630966325597	58575250391389	KD11121	2.36
15630966423901	58575250489693	KD11129	8.48
15630966456669	58575250555229	KD11130	2.76
15630966522205	58575250653533	KD12093	4.42
15630966587741	58575250751837	KD16029	5.4
15630966653277	58575250817373	KD16396	7.32
15630966784349	58575250981213	KD16927	5.54
15630966849885	58575251046749	KD17021	7.66
15630967013725	58575251243357	KD18168	12.92
15630967112029	58575251407197	KD29063	4.67
15630967177565	58575251505501	KD18165	5.88
15630967243101	58575251571037	KD26634	13.15
15630967275869	58575251636573	KD11092	7.61
15630967341405	58575251702109	KD18670	10.58
15630967374173	58575251734877	KD24177	8.95
15630967439709	58575251833181	KD11098	3.05
15630967472477	58575251865949	KD24176	12.54
15630967570781	58575251997021	KD24181	9.92
15630967603549	58575252029789	KD26746	4.44
15630967669085	58575252193629	KD18091	4.67
15630967701853	58575252226397	KD11088	8.18
15630967767389	58575252324701	KD11128	7.42
15630967832925	58575252423005	KD29060	4
15630967931229	58575253307741	KD25514	2.57
15630967963997	58575253340509	KD11078	3.42
15630968029533	58575253438813	KD11093	9.06
15630968062301	58575253471581	KD11109	4.42
15630968127837	58575253569885	KD16883	5.18
15630968160605	58575253602653	KD11115	5.15
15630968226141	58575253700957	KD11108	4.45
15630968324445	58575253766493	KD24179	7.66
15630968357213	58575253864797	KD29062	4.78
15630968455517	58575253930333	KD16926	4
15630968488285	58575254585693	KD21508	6.79
15630969864541	58575259074909	KD17162	2.24
15630969930077	58575259173213	KD11079	8.57
15630969995613	58575259271517	KD29059	4.2
15630970061149	58575261106525	KD11119	3.05
15630970093917	58575261139293	KD14092	7.49
15630970192221	58575261237597	KD11106	8.47
15630970224989	58575261303133	KD19274	3.96
15630970290525	58575261368669	KD11111	5.15
15630970323293	58575261466973	KD11120	3.05
15630970388829	58575261565277	KD24178	7.72
15630970454365	58575261696349	KD24182	5.22
15630970519901	58575261794653	KD11127	5.82
15630970650973	58575261925725	KD11126	5.09
15630970749277	58575262089565	KD11105	4.45
15630970847581	58575262253405	KD11112	3.05
15630970913117	58575262417245	KD18163	4.13
15630970945885	58575262548317	KD16912	4.13
15630970978653	58575262581085	KD11099	3.96
15630971044189	58575262843229	KD11131	2.36
