15397692801373	57577437036893	KD29074	5.98	652024742237
15401461023069	57590784426333	9879	3.18	652024742237
15401469313373	57590800023901	5009	5.45	652024742237
15401469804893	57590800613725	KD31931	7.54	652024742237
15401470001501	57590800810333	KD32832	6.58	652024742237
15401470296413	57590801138013	KD29069	3.58	652024742237
15401470394717	57590801236317	KD29078	13.78	652024742237
15401470624093	57590802415965	KD30979	9.94	652024742237
15401470820701	57590802612573	KD14169	6.3	652024742237
15401471213917	57590803038557	KD30983	7.18	652024742237
15401471607133	57590807855453	KD31932	8.26	652024742237
15401471672669	57590807920989	AP2561	6.3	652024742237
15401471770973	57590808019293	AP1681	7.18	652024742237
15401472033117	57590808281437	KD30990	2.1	652024742237
15401472229725	57590808478045	KD10852	5.82	652024742237
15401472557405	57590808936797	KD30981	6.22	652024742237
15401472819549	57590809198941	KD25141	10.42	652024742237
15401473114461	57590809461085	AP6008	10.08	652024742237
15401473573213	57590810378589	KD30980	7.38	652024742237
15401473835357	57590810640733	KD29071	9.94	652024742237
15401474261341	57590811656541	KD30991	2.1	652024742237
15401474490717	57590811918685	KD20269	17.5	652024742237
15401474818397	57590812213597	KD10842	8.74	652024742237
15401475015005	57590812475741	KD21479	8.26	652024742237
15401475342685	57590812836189	KD25419	6.9	652024742237
15401475572061	57590813065565	KD17964	10.78	652024742237
15401476129117	57590814966109	KD29087	1.42	652024742237
15401476555101	57590815392093	KD26750	7.66	652024742237
15401476718941	57590815654237	KD25400	7.54	652024742237
15401476915549	57590817161565	KD25421	1.78	652024742237
15401477046621	57590817358173	KD22084	6.58	652024742237
15401477275997	57590817587549	KD19189	4.18	652024742237
15401477472605	57590817849693	KD15798	11.02	652024742237
15401477701981	57590818177373	KD12683	1.68	652024742237
15401477898589	57590818406749	AP3838	2.38	652024742237
15401478062429	57590818537821	KD29077	5.98	652024742237
15401478390109	57590819127645	KD15794	5.46	652024742237
15401478652253	57590819422557	KD18057	3.94	652024742237
15401478914397	57590819684701	KD29102	2.38	652024742237
15401479143773	57590819914077	KD29103	3.94	652024742237
15401479307613	57590820110685	KD29079	2.7	652024742237
15401479504221	57590820307293	KD29084	2.14	652024742237
15401479635293	57590820438365	KD29067	15.58	652024742237
15401479897437	57590820700509	KD25422	2.38	652024742237
15401480028509	57590820831581	KD30992	5.98	652024742237
15401480126813	57590820962653	KD19636	8.62	652024742237
15401480552797	57590821454173	KD30985	2.1	652024742237
15401480782173	57590821683549	KD10845	2.5	652024742237
15401480946013	57590821847389	KD29085	2.74	652024742237
15401481634141	57590822830429	KD13189	3.74	652024742237
15401481765213	57590822928733	KD12897	2.38	652024742237
15401482027357	57590823158109	KD32125	7.9	652024742237
15401482092893	57590823289181	KD30302	5.74	652024742237
15401482289501	57590823485789	KD32122	4.86	652024742237
15401482453341	57590823649629	KD10840	2.62	652024742237
15401482617181	57590824010077	KD30301	4.18	652024742237
15401482846557	57590825517405	KD30295	5.74	652024742237
15401483075933	57590825746781	AP1406	1.94	652024742237
15401483338077	57590826205533	KD13197	4.7	652024742237
15401483632989	57590826795357	KD15857	0.7	652024742237
15401483764061	57590826926429	9223	1.1	652024742237
15401483960669	57590827090269	KD30984	2.1	652024742237
15401484058973	57590827221341	KD12519	3.82	652024742237
15401484255581	57590827417949	AP4523	3.1	652024742237
15401484386653	57590827549021	KD32123	4.86	652024742237
15401484517725	57590827680093	KD15523	9.74	652024742237
15401484812637	57590827942237	KD10850	2.38	652024742237
15401485107549	57590828761437	KD10854	2.7	652024742237
15401485336925	57590829941085	KD29424	2.74	652024742237
15401485533533	57590830137693	KD29123	4.02	652024742237
15401485762909	57590830367069	KD11412	3.94	652024742237
15401486025053	57590830694749	KD15521	3.02	652024742237
15401486385501	57590831120733	KD10849	5.74	652024742237
15401486549341	57590831317341	KD29089	1.3	652024742237
15401486877021	57590831645021	KD29777	1.26	652024742237
15401487171933	57590831939933	KD26748	2.26	652024742237
15401487401309	57590832234845	KD14254	2.7	652024742237
15401487532381	57590832398685	KD26698	3.94	652024742237
15401487827293	57590835675485	KD12690	2.1	652024742237
15401487925597	57590835806557	KD10843	5.74	652024742237
15401488089437	57590836167005	KD15524	8.74	652024742237
15401488318813	57590836363613	AP8465	5.38	652024742237
15401488744797	57590837084509	KD12689	1.58	652024742237
15401489006941	57590837379421	KD20563	3.58	652024742237
15401489236317	57590837608797	AP9512	4.78	652024742237
15401489465693	57590837870941	KD13202	5.1	652024742237
15401489662301	57590839345501	KD13186	4.94	652024742237
15401489989981	57590839705949	AP9482	3.06	652024742237
15401490186589	57590839902557	AP6875	3.94	652024742237
15401490579805	57590840328541	AP8398	7.02	652024742237
15401491169629	57590840918365	KD18024	6.58	652024742237
15401491497309	57590841508189	AP2424	0.84	652024742237
15401492054365	57590842098013	AP3317	6.22	652024742237
15401492349277	57590842392925	KD13298	1.26	652024742237
15401492840797	57590842884445	KD29100	1.54	652024742237
15401493496157	57590843539805	KD17966	1.5	652024742237
15401494053213	57590844096861	AP6382	1.17	652024742237
15401494741341	57590845047133	AP8524	2.7	652024742237
15401495101789	57590845407581	AP50902	0.7	652024742237
15401495757149	57590846226781	KD18102	2.02	652024742237
15401495986525	57590846488925	KD14255	0.82	652024742237
15401496281437	57590846783837	KD18066	1.58	652024742237
15401496412509	57590846947677	KD15835	1.1	652024742237
15401496772957	57590850355549	KD30987	2.18	652024742237
15401497002333	57590850584925	KD30989	2.1	652024742237
15401497395549	57590851010909	KD29086	1.04	652024742237
15401497624925	57590851371357	KD30986	2.1	652024742237
15401497854301	57590851600733	KD29124	1.08	652024742237
15401498378589	57590852452701	KD20268	4.66	652024742237
15401498607965	57590852682077	KD12688	3.1	652024742237
15401498935645	57590853009757	KD18058	2.22	652024742237
15401499394397	57590853468509	KD13311	6.82	652024742237
15401500410205	57590854549853	AP2559	8.38	652024742237
15401500574045	57590855532893	KD29094	3.58	652024742237
15401500836189	57590856778077	KD13188	1.34	652024742237
15401501688157	57590857826653	KD24085	1.54	652024742237
15401502081373	57590858383709	AP9907	1.3	652024742237
15401502409053	57590858678621	KD29423	1.98	652024742237
15401503228253	57590859727197	KD10880	4.9	652024742237
15401503687005	57590860185949	KD30292	2.54	652024742237
15401504375133	57590861103453	KD10853	0.82	652024742237
15401504866653	57590861594973	KD10884	1.68	652024742237
15401505554781	57590862315869	KD29098	2.38	652024742237
15401505849693	57590862610781	KD16866	3.34	652024742237
15401505947997	57590862709085	KD13315	2.26	652024742237
15401506275677	57590863036765	KD17999	2.38	652024742237
15401506505053	57590864118109	KD30291	2.54	652024742237
15401506734429	57590864511325	KD10846	2.26	652024742237
15401507029341	57590864970077	KD19742	6.34	652024742237
15401507455325	57590865428829	KD13310	3.9	652024742237
15401507684701	57590865559901	KD29054	1.86	652024742237
15401507946845	57590865920349	99042	0.94	652024742237
15401508274525	57590866510173	KD10885	2.86	652024742237
15401508438365	57590866674013	KD15522	4.54	652024742237
15401508667741	57590866936157	KD10841	6.34	652024742237
15401509159261	57590867558749	KD29092	1.1	652024742237
15401509388637	57590867886429	KD12685	1.54	652024742237
15401509519709	57590868115805	KD12033	1.68	652024742237
15401509814621	57590869426525	KD18064	3.78	652024742237
15401509978461	57590869688669	632306	3.78	652024742237
15401510175069	57590869885277	KD29075	1.9	652024742237
15401510437213	57590870114653	KD23340	1.48	652024742237
15401510666589	57590870573405	AP6139	3.46	652024742237
15401511092573	57590871261533	KD23366	1.14	652024742237
15401511420253	57590872080733	KD13313	3.18	652024742237
15401511715165	57590872244573	6295	1.34	652024742237
15401512010077	57590873063773	KD10886	3.26	652024742237
15401512599901	57590873784669	KD26751	1.3	652024742237
15401513419101	57590875095389	KD10860	1.08	652024742237
15401513779549	57590875455837	69410	1.18	652024742237
15401514434909	57590876307805	KD29096	0.84	652024742237
15401514697053	57590876832093	KD19167	0.86	652024742237
15401515188573	57590877356381	AP7945	0.84	652024742237
15401515549021	57590877749597	KD21416	1.86	652024742237
15401515778397	57590878077277	AP8699	1.18	652024742237
15401516433757	57590880502109	KD27720	0.82	652024742237
15401516859741	57590881747293	KD19170	0.94	652024742237
15401517154653	57590882042205	KD12032	1.26	652024742237
15401517252957	57590882173277	KD29088	1.42	652024742237
15401517515101	57590882468189	KD10847	2.1	652024742237
15401517711709	57590882795869	KD17541	0.7	652024742237
15401518072157	57590883156317	KD13309	1.78	652024742237
15401518301533	57590883549533	KD10867	1.78	652024742237
15401518465373	57590883778909	KD10844	2.38	652024742237
15401518661981	57590883975517	KD10866	2.74	652024742237
15401518825821	57590884335965	KD10851	1.58	652024742237
15401518989661	57590884499805	KD12687	7.54	652024742237
15401519120733	57590884630877	KD10863	3.54	652024742237
15401519546717	57590885384541	KD30294	3.94	652024742237
15401519841629	57590885679453	KD10848	1.58	652024742237
15401520267613	57590888431965	AP1745	1.5	652024742237
15401520759133	57590888923485	KD10888	1.18	652024742237
15401520988509	57590889152861	9823	1.86	652024742237
15401521447261	57590889939293	KD13195	1.58	652024742237
15401521545565	57590890037597	KD15796	0.46	652024742237
15401521906013	57590890365277	KD15596	3.18	652024742237
15401522299229	57590890824029	KD29090	0.84	652024742237
15401522463069	57590890955101	AP6739	1.14	652024742237
15401522757981	57590891872605	KD31017	3.58	652024742237
15401523151197	57590892855645	KD14453	1.3	652024742237
15401525477725	57590898131293	AP7838	0.78	652024742237
15401525641565	57590898295133	KD12691	3.7	652024742237
15401525936477	57590899540317	KD10864	3.66	652024742237
15401526165853	57590899802461	AP5888	1.19	652024742237
15401526264157	57590899933533	AP9061	0.95	652024742237
15401526329693	57590899999069	AP2599	1.38	652024742237
15401526395229	57590900064605	KD29097	0.82	652024742237
15401526624605	57590900261213	KD14450	0.66	652024742237
15401526788445	57590900457821	KD10879	1.02	652024742237
15401526985053	57590900687197	KD19168	0.94	652024742237
15401527312733	57590901997917	KD13726	2.38	652024742237
15401527542109	57590902194525	KD19804	0.66	652024742237
15401527902557	57590902718813	AP5495	1.26	652024742237
15401528131933	57590902948189	AP1791	3.94	652024742237
15401528361309	57590903177565	KD22086	1.38	652024742237
15401528623453	57590903472477	KD15799	1.02	652024742237
15401528754525	57590903603549	KD19523	1.19	652024742237
15401529016669	57590903898461	KD12684	1.42	652024742237
15401529278813	57590904193373	KD20481	0.82	652024742237
15401529409885	57590904324445	KD18108	1.02	652024742237
15401529835869	57590906487133	KD16784	1.06	652024742237
15401530032477	57590906716509	KD13196	1.86	652024742237
15401530130781	57590906880349	AP9921	1.42	652024742237
15401530294621	57590908059997	KD15856	1.42	652024742237
15401530425693	57590908322141	KD21415	1.3	652024742237
15401530589533	57590908485981	AP8333	0.9	652024742237
15401530720605	57590908617053	3471	1.62	652024742237
15401530949981	57590908846429	KD19610	1.18	652024742237
15401531081053	57590909010269	KD19171	0.86	652024742237
15401531212125	57590909141341	KD12686	2.5	652024742237
15401531310429	57590909239645	KD12518	0.7	652024742237
15401531572573	57590909501789	KD21167	1.07	652024742237
15401531900253	57590910222685	KD10883	0.8	652024742237
15401532096861	57590910419293	KD21168	1.06	652024742237
15401532359005	57590911041885	AP9965	1.3	652024742237
15401532490077	57590911140189	KD13308	0.58	652024742237
15401532555613	57590911238493	KD10882	0.7	652024742237
15401532686685	57590911369565	KD14452	0.86	652024742237
15401532784989	57590911467869	KD20883	0.46	652024742237
15401575121245	57591014981981	KD21143	3.58	652024742237
15401588064605	57591038673245	KD23342	0.74	652024742237
15401588162909	57591039033693	KD31875	1.02	652024742237
15401588261213	57591039131997	KD31870	1.3	652024742237
15401588359517	57591039230301	KD31876	0.82	652024742237
15401588425053	57591039295837	KD25861	0.78	652024742237
15401588556125	57591039426909	KD28417	0.78	652024742237
15401588654429	57591039492445	KD31877	1.3	652024742237
15401588752733	57591039754589	KD19047	0.82	652024742237
15401588818269	57591039820125	KD31871	1.26	652024742237
15401588916573	57591039885661	KD33279	0.78	652024742237
15401588982109	57591039983965	KD31872	0.86	652024742237
15401589047645	57591040803165	KD31873	0.7	652024742237
15401589113181	57591040868701	KD17648	0.82	652024742237
15401589244253	57591040967005	KD33274	0.78	652024742237
15401589342557	57591041098077	KD14744	0.88	652024742237
15401589408093	57591041163613	KD33273	0.8	652024742237
15401589539165	57591041261917	KD33277	0.82	652024742237
15401589604701	57591041360221	KD22828	0.94	652024742237
15401589703005	57591041458525	KD20516	0.66	652024742237
15401589801309	57591041556829	KD28429	0.74	652024742237
15401589932381	57591041687901	KD14739	0.8	652024742237
15401589997917	57591041753437	KD33276	0.82	652024742237
15401590161757	57591041917277	KD04708	10.18	652024742237
15401590325597	57591042343261	KD28311	8.14	652024742237
15401590522205	57591042539869	KD31474	10.54	652024742237
15401590587741	57591042703709	KD33059	9.58	652024742237
15401590686045	57591042802013	KD31473	10.18	652024742237
15401590751581	57591042867549	KD04698	8.71	652024742237
15401590849885	57591042965853	KD04695	4.98	652024742237
15401590915421	57591043031389	KD31472	13.78	652024742237
15401591079261	57591043195229	KD31466	2.5	652024742237
15401591144797	57591043457373	KD31467	2.5	652024742237
15401591210333	57591043522909	KD29093	4.02	652024742237
15401591374173	57591044309341	KD04703	9.22	652024742237
15401591439709	57591044374877	KD04711	22.78	652024742237
15401591538013	57591044473181	KD04699	10.54	652024742237
15401591669085	57591044604253	KD04692	11.98	652024742237
15401591865693	57591044997469	KD31468	9.58	652024742237
15401591963997	57591045095773	KD31471	11.38	652024742237
15401592062301	57591045226845	KD04697	6.22	652024742237
15401592127837	57591045292381	KD04687	3.78	652024742237
15401592291677	57591045456221	KD04710	14.38	652024742237
15401592357213	57591045554525	KD04704	4.98	652024742237
15401592455517	57591045718365	KD29099	2.14	652024742237
15401592553821	57591045882205	KD29108	1.18	652024742237
15401592684893	57591046046045	KD33582	5.38	652024742237
15401592783197	57591046242653	KD31675	5.38	652024742237
15401592881501	57591046406493	KD32452	6.58	652024742237
15401592947037	57591046537565	KD31469	9.34	652024742237
15401593110877	57591046766941	KD04709	9.58	652024742237
15401593274717	57591047094621	KD04686	7.18	652024742237
15401593373021	57591047192925	KD04690	4.06	652024742237
15401593536861	57591047455069	KD04696	7.18	652024742237
15401593602397	57591047618909	KD04702	7.38	652024742237
15401593766237	57591047782749	KD04691	5.74	652024742237
15401593864541	57591047913821	KD29095	2.62	652024742237
15401593930077	57591047979357	KD29101	2.5	652024742237
15401594028381	57591048077661	KD04689	1.38	652024742237
15401594126685	57591048175965	KD29104	3.1	652024742237
15401594257757	57591048307037	KD04705	15.94	652024742237
15401594388829	57591048536413	KD04701	1.37	652024742237
15401594454365	57591048601949	KD04693	0.98	652024742237
15401594618205	57591048765789	KD04685	1.8	652024742237
15401594782045	57591048995165	KD04700	4.9	652024742237
15401594847581	57591049716061	KD28314	4.06	652024742237
15401595011421	57591049879901	KD29812	5.38	652024742237
15401595109725	57591050109277	KD29110	1.3	652024742237
15401595142493	57591050142045	KD04688	1.46	652024742237
15401595240797	57591050305885	KD33584	1.26	652024742237
15401595339101	57591053353309	KD04713	3.22	652024742237
15401595371869	57591053386077	KD33583	14.98	652024742237
15401595437405	57591053451613	KD04712	4.38	652024742237
15401595502941	57591053517149	KD25339	2.74	652024742237
15401595601245	57591053746525	KD30287	3.18	652024742237
15401595732317	57591054172509	KD30278	0.78	652024742237
15401595797853	57591054270813	KD30269	1.78	652024742237
15401595928925	57591054401885	KD30270	1.78	652024742237
15401596027229	57591054500189	KD30279	0.78	652024742237
15401596092765	57591054565725	KD25338	2.74	652024742237
15401596191069	57591054664029	KD30272	1.78	652024742237
15401596256605	57591054893405	KD30271	1.78	652024742237
15401596387677	57591055024477	KD30274	1.78	652024742237
15401596453213	57591055057245	KD30283	1.18	652024742237
15401596518749	57591055155549	KD30282	0.89	652024742237
15401596617053	57591055253853	KD25340	2.74	652024742237
15401596682589	57591055319389	KD32837	1.86	652024742237
15401596780893	57591055417693	KD25337	2.74	652024742237
15401596879197	57591055515997	KD23159	4.3	652024742237
15401597010269	57591057187165	KD17595	3.1	652024742237
15401597108573	57591057285469	KD19356	4.3	652024742237
15401597206877	57591057383773	KD17601	3.78	652024742237
15401597337949	57591057514845	KD19355	4.3	652024742237
15401597436253	57591057613149	KD19357	5.38	652024742237
15401597567325	57591057744221	KD19359	8.02	652024742237
15401597632861	57591057809757	KD17593	7.78	652024742237
15401597698397	57591057875293	KD14184	3.82	652024742237
15401597796701	57591057973597	KD28114	11.03	652024742237
15401597927773	57591058235741	KD28121	1.9	652024742237
15401598026077	57591058989405	KD28116	2.98	652024742237
15401598124381	57591059120477	KD28112	10.78	652024742237
15401598288221	57591059284317	KD25912	5.14	652024742237
15401598353757	57591059349853	KD25915	14.24	652024742237
15401598484829	57591059448157	KD25909	10.42	652024742237
15401598550365	57591059546461	KD28113	8.38	652024742237
15401598615901	57591059611997	KD28111	4.78	652024742237
15401598681437	57591059677533	KD19466	5.38	652024742237
15401598746973	57591059743069	KD25913	2.14	652024742237
15401598878045	57591059874141	KD19465	6.58	652024742237
15401598976349	57591059972445	KD18366	3.58	652024742237
15401599074653	57591060070749	KD25910	10.9	652024742237
15401599205725	57591060201821	KD19458	4.3	652024742237
15401599271261	57591060300125	KD28115	1.02	652024742237
15401599369565	57591060365661	KD28119	1.19	652024742237
15401599467869	57591061119325	KD31972	7.42	652024742237
15401599533405	57591061184861	KD19456	3.89	652024742237
15401599631709	57591061283165	KD25911	3.54	652024742237
15401599730013	57591061348701	KD18370	4.94	652024742237
15401599828317	57591061447005	KD31974	3.66	652024742237
15401599926621	57591061709149	KD19462	14.98	652024742237
15401599992157	57591061774685	KD31973	6.58	652024742237
15401600090461	57591061872989	KD18365	3.9	652024742237
15401600352605	57591062135133	KD19461	3.18	652024742237
15401600418141	57591062233437	KD19460	2.64	652024742237
15401600483677	57591067017565	KD28118	1.19	652024742237
15401600549213	57591068262749	KD25914	2.86	652024742237
15401600745821	57591068426589	KD25908	1.3	652024742237
15401600876893	57591068557661	KD19463	2.9	652024742237
15401600975197	57591068688733	KD18371	2.58	652024742237
15401601106269	57591076389213	KD18368	1.04	652024742237
15401601204573	57591076553053	KD32861	21.58	652024742237
15401601302877	57591076651357	KD32862	17.38	652024742237
15401601368413	57591076716893	KD32864	21.58	652024742237
15401601532253	57591076913501	KD29295	16.78	652024742237
15401601630557	57591077110109	KD29291	27.58	652024742237
15401601696093	57591077175645	KD16509	11.98	652024742237
15401601827165	57591077306717	KD29285	16.78	652024742237
15401601958237	57591077437789	KD17099	8.38	652024742237
15401640132957	57591171580253	KD10276	0.82	652024742237
15401640362333	57591171809629	KD10401	0.82	652024742237
15401640493405	57591171940701	KD10298	0.82	652024742237
15401640722781	57591173054813	KD10360	0.82	652024742237
15401640853853	57591173284189	KD10268	0.82	652024742237
15401641115997	57591174332765	KD10253	0.82	652024742237
15401641312605	57591174529373	KD10301	0.82	652024742237
15401641443677	57591174791517	KD10295	0.82	652024742237
15401641607517	57591174955357	KD10007	0.82	652024742237
15401641804125	57591175184733	KD10272	0.82	652024742237
15401641935197	57591175315805	KD10303	0.82	652024742237
15401642000733	57591175381341	KD10377	0.82	652024742237
15401642131805	57591176266077	KD10239	0.82	652024742237
15401642197341	57591176331613	KD10396	0.82	652024742237
15401642295645	57591176429917	KD10373	0.82	652024742237
15401642459485	57591176593757	KD10221	0.82	652024742237
15401642623325	57591176823133	KD20036	0.82	652024742237
15401642819933	57591177019741	KD10240	0.82	652024742237
15401643016541	57591178363229	KD10409	0.82	652024742237
15401643114845	57591178527069	KD10384	0.82	652024742237
15401643245917	57591178658141	KD10376	0.82	652024742237
15401643376989	57591178789213	KD10341	0.82	652024742237
15401643835741	57591179379037	KD10326	0.82	652024742237
15401643934045	57591179641181	KD10213	1.18	652024742237
15401644130653	57591179837789	KD10248	0.82	652024742237
15401644261725	57591180034397	KD10196	0.82	652024742237
15401644425565	57591180198237	KD10407	0.82	652024742237
15401644491101	57591180362077	KD10267	0.82	652024742237
15401644622173	57591180493149	KD10226	0.82	652024742237
15401644720477	57591180591453	KD10244	0.82	652024742237
15401645015389	57591182557533	KD10251	0.82	652024742237
15401645211997	57591182786909	KD20045	0.82	652024742237
15401645408605	57591182983517	KD10408	0.82	652024742237
15401645605213	57591183180125	KD10356	0.82	652024742237
15401645801821	57591183409501	KD10281	0.82	652024742237
15401645932893	57591183540573	AP8008	10.3	652024742237
15401645965661	57591183573341	KD20039	0.82	652024742237
15401646031197	57591183671645	KD14492	0.82	652024742237
15401646195037	57591183999325	KD10208	0.82	652024742237
15401646326109	57591184163165	KD10343	0.82	652024742237
15401646391645	57591184228701	KD10342	0.82	652024742237
15401646489949	57591184327005	KD10297	0.82	652024742237
15401646588253	57591184425309	KD10219	0.82	652024742237
15401646653789	57591184523613	KD21170	0.82	652024742237
15401646784861	57591184654685	KD10304	0.82	652024742237
15401647079773	57591185637725	KD20044	0.82	652024742237
15401647178077	57591185736029	KD10321	0.82	652024742237
15401647374685	57591185932637	KD20042	0.82	652024742237
15401647505757	57591186063709	KD10254	0.82	652024742237
15401647604061	57591186162013	KD10338	0.82	652024742237
15401647735133	57591186293085	KD10329	0.82	652024742237
15401648161117	57591186719069	KD14480	0.82	652024742237
15401648292189	57591186981213	KD10361	0.82	652024742237
15401648456029	57591187145053	KD10386	0.82	652024742237
15401648587101	57591187276125	KD10269	0.82	652024742237
15401648718173	57591187407197	KD10322	0.82	652024742237
15401648947549	57591187767645	KD10305	0.82	652024742237
15401649176925	57591189373277	KD10249	0.82	652024742237
15401649340765	57591189537117	KD10243	0.82	652024742237
15401649537373	57591189733725	KD13836	0.82	652024742237
15401649701213	57591189995869	KD10224	0.82	652024742237
15401649832285	57591190126941	KD10404	0.82	652024742237
15401649996125	57591190290781	KD10402	0.82	652024742237
15401650159965	57591190487389	KD10318	0.82	652024742237
15401650356573	57591190683997	KD10346	0.82	652024742237
15401650454877	57591190782301	KD10200	0.82	652024742237
15401650618717	57591190946141	KD10245	0.82	652024742237
15401650717021	57591191044445	KD10234	0.82	652024742237
15401650782557	57591191109981	KD10228	0.82	652024742237
15401650979165	57591191437661	KD10395	0.82	652024742237
15401651044701	57591191503197	KD10324	1.42	652024742237
15401651110237	57591191634269	KD10319	0.82	652024742237
15401651208541	57591191732573	KD10193	0.82	652024742237
15401651339613	57591191961949	KD10345	0.82	652024742237
15401651437917	57591192060253	KD10388	0.82	652024742237
15401651568989	57591192158557	KD10189	0.82	652024742237
15401651700061	57591192453469	72491	0.82	652024742237
15401651798365	57591192551773	KD10252	0.82	652024742237
15401651962205	57591193207133	KD19187	1.3	652024742237
15401652060509	57591193305437	KD10340	0.82	652024742237
15401652224349	57591193469277	KD20043	0.82	652024742237
15401652322653	57591193567581	KD10290	0.82	652024742237
15401652420957	57591193665885	KD10405	0.82	652024742237
15401652519261	57591193764189	KD10311	0.82	652024742237
15401652617565	57591193895261	KD10363	0.82	652024742237
15401652781405	57591194026333	KD10256	0.82	652024742237
15401652912477	57591194157405	KD10344	0.82	652024742237
15401653109085	57591194452317	KD10378	0.82	652024742237
15401653174621	57591194550621	KD10352	0.82	652024742237
15401653305693	57591194747229	KD10191	1.19	652024742237
15401653403997	57591194845533	KD10283	0.82	652024742237
15401653567837	57591195009373	KD10333	0.82	652024742237
15401653731677	57591195205981	KD10302	0.82	652024742237
15401653797213	57591195271517	KD10293	0.82	652024742237
15401653895517	57591195369821	KD20037	0.82	652024742237
15401654059357	57591195566429	KD10399	0.82	652024742237
15401654190429	57591195697501	KD10357	0.82	652024742237
15401654255965	57591195795805	KD10264	0.82	652024742237
15401654452573	57591196025181	KD10280	0.82	652024742237
15401654518109	57591196090717	KD10403	0.82	652024742237
15401654747485	57591198155101	KD10365	0.82	652024742237
15401655009629	57591198450013	KD10247	0.82	652024742237
15401655107933	57591198548317	KD10286	0.82	652024742237
15401655173469	57591198613853	KD10202	0.82	652024742237
15401655206237	57591198646621	KD10331	0.82	652024742237
15401655337309	57591198810461	KD10235	0.82	652024742237
15401655402845	57591198875997	KD10397	0.82	652024742237
15401655468381	57591198941533	KD10225	0.82	652024742237
15401655599453	57591199334749	KD10354	0.82	652024742237
15401655697757	57591199498589	KD10348	0.82	652024742237
15401655796061	57591199596893	KD10204	0.82	652024742237
15401656058205	57591199859037	KD10255	0.82	652024742237
15401656189277	57591199990109	KD10382	0.82	652024742237
15401656353117	57591206969693	KD10192	0.82	652024742237
15401656549725	57591207166301	KD10406	0.82	652024742237
15401656680797	57591207297373	KD10328	0.82	652024742237
15401656779101	57591208149341	KD10212	0.82	652024742237
15401656844637	57591208247645	KD10279	0.82	652024742237
15401656975709	57591208444253	KD10277	0.82	652024742237
15401657139549	57591208706397	KD10300	0.82	652024742237
15401657303389	57591208870237	KD10394	0.82	652024742237
15401657532765	57591209132381	KD10220	0.82	652024742237
15401657663837	57591209263453	KD12681	0.82	652024742237
15401657762141	57591209361757	KD10366	0.82	652024742237
15401657925981	57591209525597	KD10381	0.82	652024742237
15401658089821	57591209722205	KD10358	0.82	652024742237
15401658155357	57591209787741	KD10387	0.82	652024742237
15401658351965	57591210082653	KD10236	0.82	652024742237
15401658417501	57591210148189	KD10353	0.82	652024742237
15401658614109	57591210738013	KD10327	0.82	652024742237
15401658745181	57591210869085	KD19662	0.82	652024742237
15401658876253	57591211000157	KD10374	0.82	652024742237
15401658974557	57591211098461	KD10010	0.82	652024742237
15401659072861	57591211196765	KD10278	0.82	652024742237
15401659171165	57591211295069	KD10383	0.82	652024742237
15401659236701	57591211360605	KD10380	0.82	652024742237
15401659367773	57591211491677	KD10316	0.82	652024742237
15401659597149	57591211721053	KD20040	0.82	652024742237
15401659760989	57591211884893	KD10375	0.82	652024742237
15401659793757	57591211983197	KD10371	0.82	652024742237
15401659859293	57591212048733	KD10195	0.82	652024742237
15401659957597	57591212114269	KD10262	0.82	652024742237
15401660023133	57591212179805	KD10232	0.82	652024742237
15401660186973	57591213359453	KD20041	0.82	652024742237
15401660252509	57591213424989	KD10355	0.82	652024742237
15401660416349	57591213818205	KD10385	0.82	652024742237
15401660547421	57591213949277	KD10337	0.82	652024742237
15401660645725	57591214014813	KD10308	0.82	652024742237
15401660776797	57591214244189	KD10210	0.82	652024742237
15401660940637	57591214408029	KD10291	0.82	652024742237
15401661006173	57591214473565	KD10260	0.82	652024742237
15401661268317	57591214735709	KD10250	0.82	652024742237
15401661366621	57591214899549	KD10379	0.82	652024742237
15401661464925	57591214997853	KD10263	0.82	652024742237
15401661530461	57591215030621	KD10339	0.82	652024742237
15401661563229	57591215096157	KD10393	0.82	652024742237
15401661661533	57591215227229	KD10368	0.82	652024742237
15401661759837	57591215292765	KD10400	0.82	652024742237
15401661890909	57591215456605	KD10233	0.82	652024742237
15401661956445	57591215522141	KD10332	0.82	652024742237
15401662120285	57591215685981	KD20034	0.82	652024742237
15401662185821	57591215751517	KD10218	0.82	652024742237
15401662349661	57591215915357	KD10206	0.82	652024742237
15401662415197	57591216079197	KD10317	0.82	652024742237
15401662513501	57591216144733	KD10214	0.82	652024742237
15401662644573	57591216308573	KD10347	0.82	652024742237
15401662742877	57591216406877	KD10351	0.82	652024742237
15401662873949	57591217553757	KD10292	0.82	652024742237
15401663168861	57591218045277	KD10335	0.82	652024742237
15401663201629	57591218110813	KD10273	0.82	652024742237
15401663365469	57591218274653	KD10299	0.82	652024742237
15401663431005	57591218405725	KD10288	0.82	652024742237
15401663562077	57591218569565	KD10266	0.82	652024742237
15401663627613	57591218635101	KD10201	0.82	652024742237
15401663693149	57591218700637	KD10222	0.82	652024742237
15401663824221	57591220109661	KD10205	1.18	652024742237
15401663955293	57591220207965	KD10198	1.38	652024742237
15401663988061	57591220273501	KD10323	0.82	652024742237
15401664053597	57591220339037	KD10364	0.82	652024742237
15401664086365	57591220371805	KD10349	0.82	652024742237
15401664217437	57591220502877	KD10315	0.82	652024742237
15401664282973	57591220568413	KD16574	0.82	652024742237
15401664381277	57591220666717	KD10334	0.82	652024742237
15401664479581	57591220765021	KD10287	0.82	652024742237
15401664643421	57591220928861	KD10211	0.82	652024742237
15401664741725	57591221223773	KD10238	0.82	652024742237
15401664872797	57591221322077	KD10271	0.82	652024742237
15401665003869	57591221453149	KD10362	0.82	652024742237
15401665069405	57591221551453	KD10336	0.82	652024742237
15401665167709	57591221649757	KD10313	0.82	652024742237
15401665560925	57591222894941	KD10390	0.82	652024742237
15401665757533	57591225057629	KD10259	0.82	652024742237
15401666117981	57591227875677	KD10217	0.82	652024742237
15401666314589	57591228236125	KD10294	0.82	652024742237
15401666511197	57591229743453	KD10274	0.82	652024742237
15401666740573	57591230759261	KD10242	0.82	652024742237
15401666937181	57591230955869	KD10312	0.82	652024742237
15401667101021	57591231152477	KD10389	0.82	652024742237
15401667264861	57591231480157	KD10231	0.82	652024742237
15401667363165	57591231676765	KD10261	0.82	652024742237
15401667494237	57591231807837	KD10257	0.82	652024742237
15401667854685	57591232266589	KD10223	0.82	652024742237
15401667985757	57591232397661	KD10307	0.82	652024742237
15401668346205	57591233315165	KD19396	0.82	652024742237
15401695969629	57591322509661	KD31820	0.82	652024742237
15401696067933	57591322607965	KD31821	4.98	652024742237
15401696133469	57591322640733	KD31818	0.7	652024742237
15401696199005	57591322739037	KD31822	1.58	652024742237
15401696330077	57591322902877	KD31816	0.92	652024742237
15401696395613	57591322968413	KD16962	1.1	652024742237
15401696461149	57591323001181	KD16394	0.82	652024742237
15401696526685	57591323099485	KD16294	0.82	652024742237
15401696624989	57591323197789	KD14787	1.3	652024742237
15401696690525	57591323263325	KD15114	1.5	652024742237
15401696756061	57591323328861	KD16292	0.94	652024742237
15401696821597	57591323394397	KD15115	1.3	652024742237
15401696887133	57591326048605	KD23430	0.58	652024742237
15401696919901	57591326081373	KD16291	1.42	652024742237
15401696985437	57591326146909	KD16312	0.82	652024742237
15401697018205	57591326179677	KD23435	0.9	652024742237
15401697083741	57591326310749	KD16266	1.9	652024742237
15401697214813	57591326441821	KD16960	1.1	652024742237
15401697313117	57591326540125	KD16279	1.9	652024742237
15401697411421	57591326900573	KD17570	1.1	652024742237
15401697542493	57591327031645	KD23647	1.3	652024742237
15401697608029	57591327097181	KD16278	1.78	652024742237
15401697706333	57591327195485	KD16964	1.1	652024742237
15401697837405	57591327326557	KD17495	1.1	652024742237
15401697935709	57591327457629	KD16268	1.38	652024742237
15401698034013	57591327523165	KD22781	1.78	652024742237
15401698099549	57591327621469	KD16393	2.98	652024742237
15401698230621	57591327719773	KD16311	1.34	652024742237
15401698328925	57591327850845	KD16274	2.1	652024742237
15401698427229	57591327949149	KD16281	1.86	652024742237
15401698492765	57591328014685	KD23652	1.86	652024742237
15401698591069	57591328112989	KD16269	1.34	652024742237
15401698689373	57591328211293	KD16289	0.99	652024742237
15401698754909	57591328276829	KD16966	1.42	652024742237
15401698918749	57591328473437	KD14788	1.3	652024742237
15401699017053	57591328571741	KD23431	0.51	652024742237
15401699115357	57591328670045	KD23436	0.54	652024742237
15401699246429	57591328801117	KD17497	1.1	652024742237
15401699311965	57591329063261	KD16306	1.18	652024742237
15401699475805	57591329259869	KD23650	1.06	652024742237
15401699574109	57591329358173	KD16310	1.1	652024742237
15401699672413	57591329456477	KD16961	1.1	652024742237
15401699869021	57591329685853	KD16272	2.02	652024742237
15401699934557	57591329751389	KD16307	4.42	652024742237
15401700032861	57591329849693	KD16283	1.66	652024742237
15401700131165	57591329915229	KD16267	1.42	652024742237
15401700196701	57591330013533	KD23648	1.42	652024742237
15401700262237	57591330079069	KD23649	4.06	652024742237
15401700426077	57591330373981	KD16275	1.9	652024742237
15401700557149	57591330505053	KD16280	1.86	652024742237
15401700720989	57591330668893	KD16308	3.94	652024742237
15401700852061	57591330832733	KD16309	3.22	652024742237
15401700983133	57591330931037	KD16288	1.31	652024742237
15401701048669	57591330996573	KD16965	1.42	652024742237
15401701114205	57591331062109	KD33058	1.3	652024742237
15401701212509	57591331160413	KD23875	1.66	652024742237
15401701310813	57591331258717	KD16273	1.91	652024742237
15401701409117	57591331357021	KD16270	2.5	652024742237
15401701507421	57591331455325	KD16959	1.1	652024742237
15401701671261	57591331586397	KD16305	0.9	652024742237
15401701835101	57591331750237	KD16287	3.22	652024742237
15401701900637	57591331815773	KD26886	2.74	652024742237
15401701933405	57591331848541	KD22783	1.66	652024742237
15401702031709	57591332012381	KD31463	17.98	652024742237
15401702195549	57591332176221	KD16277	0.89	652024742237
15401702326621	57591332307293	KD22549	1.3	652024742237
15401702457693	57591332438365	KD23166	1.56	652024742237
15401702523229	57591332503901	KD23432	0.7	652024742237
15401702621533	57591332569437	KD23433	0.75	652024742237
15401702687069	57591332700509	KD23434	0.75	652024742237
15401702752605	57591332766045	KD23876	0.9	652024742237
15401702883677	57591332897117	KD17496	1.1	652024742237
15401703014749	57591333028189	KD22550	1.3	652024742237
15401703113053	57591333585245	KD22551	1.18	652024742237
15401703211357	57591333683549	KD16276	0.9	652024742237
15401703342429	57591334207837	KD15116	0.94	652024742237
15401703440733	57591334306141	KD15816	0.78	652024742237
15401703604573	57591334502749	KD16282	0.89	652024742237
15401703702877	57591334633821	KD16284	0.89	652024742237
15401703801181	57591334699357	KD16285	2.5	652024742237
15401703932253	57591334863197	KD16286	3.22	652024742237
15401704030557	57591335158109	KD16295	0.43	652024742237
15401704161629	57591335289181	KD16296	0.78	652024742237
15401704259933	57591335420253	KD16297	0.75	652024742237
15401704358237	57591335518557	KD16298	0.77	652024742237
15401704522077	57591336141149	KD16300	0.94	652024742237
15401704587613	57591336239453	KD16301	1.06	652024742237
15401704653149	57591336304989	KD16302	0.79	652024742237
15401704784221	57591336436061	KD16303	0.78	652024742237
15401705013597	57591336763741	KD16290	0.98	652024742237
15401705111901	57591338041693	KD16293	0.74	652024742237
15401705210205	57591338991965	KD16392	1.42	652024742237
15401705308509	57591339090269	KD16395	2.02	652024742237
15401705406813	57591339188573	KD16963	1.1	652024742237
15401705570653	57591341646173	KD16967	1.1	652024742237
15401705636189	57591341711709	KD17060	1.4	652024742237
15401705734493	57591341810013	KD17571	0.82	652024742237
15401705800029	57591341875549	KD19015	1.5	652024742237
15401705931101	57591342006621	KD19016	1.3	652024742237
15401706062173	57591342137693	KD19018	1.78	652024742237
15401706258781	57591342334301	KD19398	9.58	652024742237
15401706389853	57591342465373	KD18707	0.72	652024742237
15401706455389	57591342530909	KD31057	0.66	652024742237
15401706520925	57591342596445	KD31060	0.66	652024742237
15401706619229	57591342694749	KD31044	0.66	652024742237
15401706717533	57591342793053	KD31045	0.66	652024742237
15401706848605	57591342924125	KD31039	0.66	652024742237
15401706914141	57591342989661	KD31040	0.66	652024742237
15401707045213	57591343087965	KD31042	0.66	652024742237
15401707143517	57591343448413	KD31043	0.66	652024742237
15401707241821	57591343710557	KD31041	0.66	652024742237
15401707307357	57591343776093	KD31038	0.66	652024742237
15401707340125	57591343808861	KD31037	0.66	652024742237
15401707471197	57591343939933	KD31052	0.66	652024742237
15401707503965	57591343972701	KD31053	0.66	652024742237
15401707569501	57591344038237	KD31059	0.66	652024742237
15401707667805	57591344136541	KD31058	0.66	652024742237
15401707700573	57591344169309	KD31062	0.66	652024742237
15401707766109	57591344234845	KD31069	0.66	652024742237
15401707864413	57591344300381	KD31047	0.66	652024742237
15401707929949	57591344365917	KD31046	0.66	652024742237
15401708061021	57591344693597	KD31066	0.66	652024742237
15401708159325	57591344791901	KD31029	0.66	652024742237
15401708224861	57591344857437	KD31054	0.66	652024742237
15401708323165	57591344955741	KD31031	0.66	652024742237
15401708388701	57591345021277	KD31030	0.66	652024742237
15401708454237	57591345086813	KD31070	0.66	652024742237
15401708552541	57591345185117	KD31033	0.66	652024742237
15401708618077	57591345250653	KD31050	0.66	652024742237
15401708716381	57591345480029	KD31027	0.66	652024742237
15401708814685	57591345578333	KD31019	0.66	652024742237
15401708880221	57591345643869	KD31055	0.66	652024742237
15401709011293	57591345774941	KD31056	0.66	652024742237
15401709109597	57591345873245	KD31067	0.66	652024742237
15401709273437	57591346069853	KD31061	0.66	652024742237
15401709371741	57591346168157	KD31063	0.66	652024742237
15401709470045	57591346266461	KD31064	0.66	652024742237
15401709535581	57591346331997	KD31032	0.66	652024742237
15401709633885	57591346889053	KD31025	0.66	652024742237
15401709732189	57591346987357	KD31068	0.66	652024742237
15401709797725	57591347085661	KD31028	0.66	652024742237
15401709896029	57591347151197	KD31048	0.66	652024742237
15401709994333	57591347282269	KD31049	0.66	652024742237
15401710059869	57591347347805	KD31065	0.66	652024742237
15401710158173	57591347446109	KD31026	0.66	652024742237
15401710256477	57591347544413	KD31023	0.66	652024742237
