product_id	collectionid	rank
15227327185245	663572906333	0
15227349238109	663572906333	1
15230464721245	663572906333	2
15227307852125	663572906333	3
15230460330333	663572906333	4
15559769358685	663572906333	5
15559757300061	663572906333	6
15227306738013	663572906333	7
15227401339229	663572906333	8
15227353858397	663572906333	9
15227322204509	663572906333	10
15227310014813	663572906333	11
15227402879325	663572906333	12
15227401830749	663572906333	13
15559714603357	663572906333	14
15227334197597	663572906333	15
15559612432733	663572906333	16
15227322499421	663572906333	17
15227308081501	663572906333	18
15230190977373	663572906333	19
15230459969885	663572906333	20
15559465075037	663572906333	21
15230461116765	663572906333	22
15227349041501	663572906333	23
15227322335581	663572906333	24
15559803011421	663572906333	25
15559803404637	663572906333	26
15227305328989	663572906333	27
15227309326685	663572906333	28
15230459511133	663572906333	29
15227337900381	663572906333	30
15227401797981	663572906333	31
15230463410525	663572906333	32
15559612694877	663572906333	33
15230190616925	663572906333	34
15230190125405	663572906333	35
15559802552669	663572906333	36
15559804485981	663572906333	37
15559507706205	663572906333	38
15227311259997	663572906333	39
15230189961565	663572906333	40
15227366605149	663572906333	41
15559774503261	663572906333	42
15227311096157	663572906333	43
15227307884893	663572906333	44
15227305722205	663572906333	45
15227308769629	663572906333	46
15559767523677	663572906333	47
15230191010141	663572906333	48
15559805665629	663572906333	49
15559711031645	663572906333	50
15227309687133	663572906333	51
15227310408029	663572906333	52
15559710769501	663572906333	53
15559767884125	663572906333	54
15227401896285	663572906333	55
15227332690269	663572906333	56
15227306312029	663572906333	57
15403050107229	663572906333	58
15227370439005	663572906333	59
15230463279453	663572906333	60
15227353432413	663572906333	61
15227307622749	663572906333	62
15227401634141	663572906333	63
15559613907293	663572906333	64
15559614103901	663572906333	65
15230190387549	663572906333	66
15230190715229	663572906333	67
15227400388957	663572906333	68
15230458331485	663572906333	69
15230460723549	663572906333	70
15227364540765	663572906333	71
15403050402141	663572906333	72
15403050369373	663572906333	73
15230190518621	663572906333	74
15230190485853	663572906333	75
15559501087069	663572906333	76
15230461509981	663572906333	77
15230464524637	663572906333	78
15230456332637	663572906333	79
15227308671325	663572906333	80
15559769227613	663572906333	81
15230190420317	663572906333	82
15227402027357	663572906333	83
15230464295261	663572906333	84
15230465540445	663572906333	85
15227366080861	663572906333	86
15227365163357	663572906333	87
15559507542365	663572906333	88
15559623246173	663572906333	89
15227332264285	663572906333	90
15227307786589	663572906333	91
15559673348445	663572906333	92
15227399962973	663572906333	93
15559673184605	663572906333	94
15227364311389	663572906333	95
15401600745821	663572906333	96
15401600090461	663572906333	97
15401598976349	663572906333	98
15403207295325	663572906333	99
15403207623005	663572906333	100
15403206213981	663572906333	101
15403207786845	663572906333	102
15403207164253	663572906333	103
15403206279517	663572906333	104
15403050271069	663572906333	105
15403050303837	663572906333	106
15227367358813	663572906333	107
15227372798301	663572906333	108
15227369947485	663572906333	109
15227372110173	663572906333	110
15227371651421	663572906333	111
15227371979101	663572906333	112
15227369587037	663572906333	113
15227368997213	663572906333	114
15227370570077	663572906333	115
15559514489181	663572906333	116
15559757398365	663572906333	117
15559767687517	663572906333	118
15559769522525	663572906333	119
15230190289245	663572906333	120
15230189863261	663572906333	121
15230190813533	663572906333	122
15230190879069	663572906333	123
15230190223709	663572906333	124
15559768080733	663572906333	125
15230190354781	663572906333	126
15230190944605	663572906333	127
15559769063773	663572906333	128
15230190453085	663572906333	129
15230189830493	663572906333	130
15230190551389	663572906333	131
15227337441629	663572906333	132
15559789674845	663572906333	133
15559804223837	663572906333	134
15559862911325	663572906333	135
15559669449053	663572906333	136
15559804846429	663572906333	137
15559805075805	663572906333	138
15559805403485	663572906333	139
15559757201757	663572906333	140
15559768867165	663572906333	141
15559806058845	663572906333	142
15559488078173	663572906333	143
15559488176477	663572906333	144
15559488700765	663572906333	145
15227401273693	663572906333	146
15227400978781	663572906333	147
15559711228253	663572906333	148
15227401044317	663572906333	149
15227400913245	663572906333	150
15227401503069	663572906333	151
15227401863517	663572906333	152
15227400749405	663572906333	153
15559711392093	663572906333	154
15559711555933	663572906333	155
15230458593629	663572906333	156
15559714537821	663572906333	157
15230457610589	663572906333	158
15230462165341	663572906333	159
15230455284061	663572906333	160
15559722631517	663572906333	161
15230462853469	663572906333	162
15230459674973	663572906333	163
15230457839965	663572906333	164
15230461772125	663572906333	165
15230458921309	663572906333	166
15230464885085	663572906333	167
15227364082013	663572906333	168
15227365982557	663572906333	169
15227367031133	663572906333	170
15227364442461	663572906333	171
15559506362717	663572906333	172
15559507673437	663572906333	173
15559611187549	663572906333	174
15559611318621	663572906333	175
15559611351389	663572906333	176
15559611679069	663572906333	177
15559612301661	663572906333	178
15559614333277	663572906333	179
15559622164829	663572906333	180
15559622263133	663572906333	181
15559622459741	663572906333	182
15559623016797	663572906333	183
15559623278941	663572906333	184
15227355464029	663572906333	185
15227354644829	663572906333	186
15227351892317	663572906333	187
15227359723869	663572906333	188
15227347992925	663572906333	189
15227346321757	663572906333	190
15227350581597	663572906333	191
15227341701469	663572906333	192
15227342455133	663572906333	193
15227336589661	663572906333	194
15227335377245	663572906333	195
15227352842589	663572906333	196
15227344650589	663572906333	197
15559461634397	663572906333	198
15227349926237	663572906333	199
15227355300189	663572906333	200
15227339604317	663572906333	201
15227345273181	663572906333	202
15227333902685	663572906333	203
15227346649437	663572906333	204
15227352252765	663572906333	205
15227352580445	663572906333	206
15227342881117	663572906333	207
15227334033757	663572906333	208
15227349565789	663572906333	209
15227353727325	663572906333	210
15227353268573	663572906333	211
15227350909277	663572906333	212
15227354906973	663572906333	213
15227343896925	663572906333	214
15227334918493	663572906333	215
15227349729629	663572906333	216
15227332952413	663572906333	217
15227339899229	663572906333	218
15227341898077	663572906333	219
15227352088925	663572906333	220
15227343470941	663572906333	221
15559774699869	663572906333	222
15227342225757	663572906333	223
15227346026845	663572906333	224
15227353006429	663572906333	225
15227355726173	663572906333	226
15227341570397	663572906333	227
15227347042653	663572906333	228
15559774732637	663572906333	229
15227336163677	663572906333	230
15227339243869	663572906333	231
15227333738845	663572906333	232
15227342750045	663572906333	233
15559465173341	663572906333	234
15559465304413	663572906333	235
15559465337181	663572906333	236
15559507738973	663572906333	237
15559512228189	663572906333	238
15559612957021	663572906333	239
15559613120861	663572906333	240
15559622852957	663572906333	241
15559773290845	663572906333	242
15559836762461	663572906333	243
15227313619293	663572906333	244
15227309424989	663572906333	245
15227306115421	663572906333	246
15227314569565	663572906333	247
15227311227229	663572906333	248
15227326169437	663572906333	249
15227323384157	663572906333	250
15227311063389	663572906333	251
15227321418077	663572906333	252
15227312406877	663572906333	253
15227312603485	663572906333	254
15227310047581	663572906333	255
15227310801245	663572906333	256
15227310965085	663572906333	257
15227306770781	663572906333	258
15227306180957	663572906333	259
15227315028317	663572906333	260
15227327021405	663572906333	261
15227311489373	663572906333	262
15227311358301	663572906333	263
15227304575325	663572906333	264
15227307065693	663572906333	265
15227309556061	663572906333	266
15227305492829	663572906333	267
15227307819357	663572906333	268
15227307000157	663572906333	269
15227306279261	663572906333	270
15227314733405	663572906333	271
15227311849821	663572906333	272
15227328561501	663572906333	273
15227325514077	663572906333	274
15227306541405	663572906333	275
15227310604637	663572906333	276
15227308933469	663572906333	277
15227305886045	663572906333	278
15227313095005	663572906333	279
15227311161693	663572906333	280
15227310178653	663572906333	281
15227312210269	663572906333	282
15227310997853	663572906333	283
15227308573021	663572906333	284
15227305623901	663572906333	285
15559783743837	663572906333	286
15559783874909	663572906333	287
15559784595805	663572906333	288
15559784989021	663572906333	289
15559534444893	663572906333	290
15559802782045	663572906333	291
15559803076957	663572906333	292
15559803240797	663572906333	293
15559803470173	663572906333	294
15559803568477	663572906333	295
15559803732317	663572906333	296
15559803863389	663572906333	297
15559674003805	663572906333	298
15559500530013	663572906333	299
15227402846557	663572906333	300
15227401142621	663572906333	301
15227402682717	663572906333	302
15227402256733	663572906333	303
15230463639901	663572906333	304
15559722271069	663572906333	305
15559722467677	663572906333	306
15227363819869	663572906333	307
15559611547997	663572906333	308
15559465271645	663572906333	309
15559465435485	663572906333	310
15227307295069	663572906333	311
15227311751517	663572906333	312
15227310834013	663572906333	313
15227305558365	663572906333	314
15227309031773	663572906333	315
15227310866781	663572906333	316
15227304968541	663572906333	317
15268167319901	663572906333	318
15227310473565	663572906333	319
15559785218397	663572906333	320
15227326824797	663572906333	321
15227319058781	663572906333	322
15227315224925	663572906333	323
15227310342493	663572906333	324
15227368702301	663572906333	325
15403209490781	663572906333	326
15227321614685	663572906333	327
15227312013661	663572906333	328
15227323580765	663572906333	329
15227310702941	663572906333	330
15227308540253	663572906333	331
15227368210781	663572906333	332
15227327643997	663572906333	333
15403208212829	663572906333	334
15227308507485	663572906333	335
15227321123165	663572906333	336
15227351302493	663572906333	337
15230455087453	663572906333	338
15230456037725	663572906333	339
15230458134877	663572906333	340
15227328364893	663572906333	341
15227311915357	663572906333	342
15401597927773	663572906333	343
15403208409437	663572906333	344
15403204936029	663572906333	345
15403209359709	663572906333	346
15403208802653	663572906333	347
15403208704349	663572906333	348
15403208540509	663572906333	349
15403209916765	663572906333	350
15403209228637	663572906333	351
15227368538461	663572906333	352
15227367522653	663572906333	353
15230190027101	663572906333	354
15559488897373	663572906333	355
15227401208157	663572906333	356
15227400618333	663572906333	357
15227400192349	663572906333	358
15230456529245	663572906333	359
15559722533213	663572906333	360
15230463115613	663572906333	361
15559622590813	663572906333	362
15227334754653	663572906333	363
15227324498269	663572906333	364
15227315716445	663572906333	365
15227320828253	663572906333	366
15227321778525	663572906333	367
15227313324381	663572906333	368
15227315552605	663572906333	369
15227320598877	663572906333	370
15227320303965	663572906333	371
15227305853277	663572906333	372
15227315355997	663572906333	373
15227322663261	663572906333	374
15227322827101	663572906333	375
15227326333277	663572906333	376
15227327807837	663572906333	377
15227311718749	663572906333	378
15227328725341	663572906333	379
15227309949277	663572906333	380
15227323908445	663572906333	381
15227327971677	663572906333	382
15227310768477	663572906333	383
15227310735709	663572906333	384
15227317256541	663572906333	385
15227318796637	663572906333	386
15227328201053	663572906333	387
15227323056477	663572906333	388
15227323220317	663572906333	389
15227316535645	663572906333	390
15227306606941	663572906333	391
15227309621597	663572906333	392
15227329085789	663572906333	393
15227327349085	663572906333	394
