product_id	variant_id	sku	price	collectionId
15559729316189	58283805213021	KD19402	57	652024742237
15559729250653	58283805180253	KD19401	54.65	652024742237
15559729414493	58283805933917	KD24657	52.8	652024742237
15559729611101	58283806753117	KD24656	42.3	652024742237
15559772471645	58284044812637	KD34789	38.71	652024742237
15559729480029	58283806032221	KD19599	31.91	652024742237
15559472415069	58282088202589	KD11899	29.72	652024742237
15559863140701	58284509331805	KD19040	27.65	652024742237
15559863370077	58284510970205	KD19039	27.65	652024742237
15559711883613	58283696128349	KD18736	25.92	652024742237
15559562789213	58282582966621	KD20455	25.88	652024742237
15559770112349	58284032688477	KD34797	24.77	652024742237
15559785742685	58284118049117	KD19079	24.29	652024742237
15559772045661	58284042617181	KD34782	23.35	652024742237
15559595655517	58282818371933	KD24963	22.94	652024742237
15559729447261	58283805999453	KD19404	22.66	652024742237
15559472382301	58282088169821	KD32120	22.58	652024742237
15559475495261	58282095903069	KD18479	20.99	652024742237
15559712899421	58283703894365	KD25306	20.54	652024742237
15559562592605	58282581950813	KD20649	19.36	652024742237
15559656538461	58283281973597	KD27799	19.16	652024742237
15559486734685	58282176020829	KD25725	18.89	652024742237
15559770964317	58284035211613	KD34802	18.24	652024742237
15559725908317	58283787485533	KD25607	18.24	652024742237
15559596245341	58282821222749	KD21017	18.2	652024742237
15559692550493	58283551293789	KD16440	17.28	652024742237
15559833354589	58284355584349	KD26252	17.09	652024742237
15559470350685	58282082402653	KD24407	16.8	652024742237
15559473594717	58282090266973	713096	16.55	652024742237
15559486308701	58282171826525	CH0019	16.48	652024742237
15559770898781	58284034949469	KD34800	16.13	652024742237
15559770440029	58284033376605	KD34796	15.55	652024742237
15559458947421	58282033152349	D20045	15.48	652024742237
15559458783581	58282032922973	KD20736	15.36	652045156701
15559835353437	58284365840733	KD25606	15.34	652024742237
15559854948701	58284465095005	KD33720	15.34	652024742237
15559453344093	58282021323101	KD13198	15.29	652024742237
15559835746653	58284367380829	KD05005	15.26	652024742237
15559772569949	58284045762909	KD34792	14.98	652024742237
15559470154077	58282082206045	KD11516	14.69	652024742237
15559770308957	58284033048925	KD34795	14.59	652024742237
15559757070685	58283965612381	KD10618	14.52	652024742237
15559566721373	58282606592349	KD28792	14.4	652024742237
15559566360925	58282604659037	KD28791	14.4	652024742237
15559453868381	58282022371677	KD18061	14.28	652045418845
15559453999453	58282022502749	KD18062	14.28	652045418845
15559726072157	58283787845981	KD27610	14.11	652024742237
15559485784413	58282166583645	KD25605	13.92	652024742237
15559547650397	58282501439837	KD17890	13.15	652024742237
15559547289949	58282499506525	KD17889	13.15	652024742237
15559547486557	58282500260189	KD17735	13.15	652024742237
15559547683165	58282501505373	KD17888	13.15	652024742237
15559453835613	58282022306141	KD11336	12.9	652024742237
15559550763357	58282516808029	KD18697	12.79	652024742237
15559550566749	58282515300701	KD18698	12.79	652024742237
15559771488605	58284040257885	KD34803	12.48	652024742237
15559452655965	58282020438365	XMS0178	12.48	652024742237
15559790788957	58284137677149	KD13567	12.46	652024742237
15559596015965	58282819780957	KD20538	12.44	652024742237
15559472677213	58282088563037	KD34849	12.23	652024742237
15559562461533	58282581164381	KD20454	12.23	652024742237
15559475134813	58282094952797	KD11334	12.22	652024742237
15559676363101	58283429101917	KD15684	12.13	652024742237
15559771750749	58284041929053	KD34812	11.98	652024742237
15559456719197	58282027811165	KD11498	11.71	652024742237
15559691043165	58283540840797	KD21114	11.52	652024742237
15559686095197	58283505418589	KD24829	11.5	652024742237
15559595524445	58282817618269	KD27790	11.48	652024742237
15559597982045	58282830758237	HTI1415693	11.23	652024742237
15559547945309	58282502390109	KD17879	11.17	652024742237
15559548076381	58282503405917	KD17884	11.17	652024742237
15559549059421	58282508157277	KD22502	11.04	652024742237
15559489028445	58282192470365	KD13361	10.81	652024742237
15559652082013	58283247042909	KD17208	10.8	652024742237
15559549288797	58282509107549	XM1723	10.56	652024742237
15559658144093	58283291935069	KD04715	10.52	652024742237
15559503020381	58282277273949	KD34865	10.18	652024742237
15559758610781	58283973050717	KD22507	10.18	652024742237
15559472644445	58282088530269	KD22503	10.18	652024742237
15559581696349	58282714890589	KD22505	10.18	652024742237
15559746814301	58283907613021	KD22504	10.18	652024742237
15559454228829	58282022895965	KD16884	10.14	652024742237
15559695499613	58283571315037	KD24155	10.14	652024742237
15559769719133	58284031115613	511085	10.06	652024742237
15559690158429	58283535073629	A7192	10.06	652024742237
15559669481821	58283385848157	KD13633	9.83	652024742237
15559746388317	58283905810781	KD11518	9.79	652024742237
15559629111645	58283059970397	PMS074465	9.56	652024742237
15559756972381	58283965088093	KD10617	9.5	652024742237
15559463895389	58282059301213	KD24957	9.5	652024742237
15559463731549	58282057400669	KD24958	9.5	652024742237
15559771226461	58284036260189	KD34801	9.12	652024742237
15559653458269	58283258708317	KD17580	9.12	652024742237
15559454097757	58282022633821	KD24098	8.9	652024742237
15559770603869	58284033999197	KD34794	8.83	652024742237
15559695237469	58283570135389	KD03278	8.76	652024742237
15559773258077	58284047794525	KD34784	8.76	652024742237
15559627768157	58283051024733	KD26836	8.7	652024742237
15559595852125	58282818797917	KD24038	8.6	652024742237
15559613677917	58282950754653	KD25106	8.54	652024742237
15559471366493	58282085712221	KD20452	8.48	652024742237
15559456424285	58282027155805	KD11340	8.41	652024742237
15559722926429	58283768480093	KD30428	8.33	652024742237
15559465894237	58282072965469	KD34588	8.22	652024742237
15559722893661	58283768447325	KD30427	8.16	652024742237
15559835386205	58284366004573	XMS0237	8.16	652024742237
15559713882461	58283710382429	KD29823	8.1	652024742237
15559658406237	58283294032221	KD25610	8.06	652024742237
15559722762589	58283764941149	KD30426	8.06	652024742237
15559486210397	58282170253661	KD20458	7.97	652024742237
15559674134877	58283415830877	KD27360	7.66	652024742237
15559674200413	58283416322397	KD27365	7.66	652024742237
15559654900061	58283267588445	KD13952	7.64	652024742237
15559852654941	58284455264605	KD31244	7.64	652024742237
15559853965661	58284459852125	KD29953	7.64	652024742237
15559660339549	58283308220765	KD30940	7.64	652024742237
15559610728797	58282939253085	KD00743	7.64	652024742237
15559533429085	58282427875677	KD13035	7.58	652024742237
15559457866077	58282030825821	OB763217	7.55	652024742237
15559776600413	58284063981917	KD24225	7.39	652024742237
15559776567645	58284063949149	KD24226	7.39	652024742237
15559673184605	58283409277277	KD33380	7.2	652024742237
15559669154141	58283383128413	KD21309	7.2	652024742237
15559714603357	58283715920221	KD30437	7.13	652024742237
15559471268189	58282085613917	58071	7.1	652024742237
15559853736285	58284458443101	KD29968	7.07	652024742237
15559502135645	58282271703389	KD11544	7.01	652024742237
15559728922973	58283803935069	KD14303	6.91	652024742237
15559849345373	58284439437661	KD30245	6.91	652024742237
15559849148765	58284438225245	KD30246	6.91	652024742237
15559513735517	58282326884701	KD11525	6.79	652024742237
15559692452189	58283549983069	KD10443	6.76	652024742237
15559583465821	58282728325469	KD27371	6.72	652024742237
15559471006045	58282085351773	KD23987	6.72	652024742237
15559455932765	58282026369373	KD13883	6.7	652024742237
15559653720413	58283260477789	KD27767	6.68	652024742237
15559458521437	58282032660829	TY7499	6.68	652024742237
15559533232477	58282426827101	KD13152	6.64	652024742237
15559503970653	58282279993693	793963	6.58	652024742237
15559792886109	58284146983261	KD04937	6.53	652024742237
15559467827549	58282078732637	KD34851	6.5	652024742237
15559692517725	58283551261021	KD10445	6.46	652024742237
15559551517021	58282520183133	KD32440	6.46	652024742237
15559551222109	58282519101789	KD32443	6.46	652024742237
15559551353181	58282519396701	KD32442	6.46	652024742237
15559722729821	58283764679005	KD30425	6.46	652024742237
15559686848861	58283510399325	KD18477	6.37	652024742237
15559456850269	58282027975005	KD13275	6.24	652024742237
15559456817501	58282027942237	KD13272	6.24	652024742237
15559536935261	58282443047261	KD16813	6.24	652024742237
15559469236573	58282081288541	KD19013	6.12	652024742237
15559832207709	58284351848797	KD34850	6.12	652024742237
15559467565405	58282078339421	KD34583	6.12	652024742237
15559453245789	58282021192029	H10058	6.07	652024742237
15559453278557	58282021257565	H10004	6.07	652024742237
15559726956893	58283792564573	XMN0666	6.05	652024742237
15559774339421	58284053430621	KD34783	5.99	652024742237
15559481753949	58282139418973	KD16724	5.98	652024742237
15559629767005	58283063345501	XM1724	5.76	652024742237
15559807631709	58284222939485	KD04736	5.72	652024742237
15559503577437	58282279240029	KD04737	5.72	652024742237
15559653294429	58283255365981	KD12091	5.72	652024742237
15559659487581	58283301962077	KD30941	5.72	652024742237
15559504101725	58282280321373	793939	5.69	652024742237
15559776371037	58284063326557	KD24228	5.66	652024742237
15559590642013	58282789503325	KD34761	5.66	652024742237
15559469269341	58282081321309	KD14950	5.66	652024742237
15559580615005	58282709975389	TX0817	5.66	652024742237
15559500169565	58282266886493	KD30738	5.57	652024742237
15559605387613	58282899571037	XMR0241R	5.5	652024742237
15559605715293	58282901111133	XMR0241W	5.5	652024742237
15559653523805	58283258970461	KD27787	5.47	652024742237
15559591166301	58282793435485	KD34762	5.47	652024742237
15559710605661	58283685675357	5PF030	5.47	652024742237
15559836598621	58284371444061	TF0066	5.47	652024742237
15559849836893	58284441338205	KD24239	5.41	652024742237
15559756775773	58283963875677	KD22814	5.38	652024742237
15559462125917	58282039181661	KD10444	5.38	652024742237
15559590412637	58282787045725	KD15869	5.38	652024742237
15559472513373	58282088333661	KD00821	5.36	652024742237
15559711031645	58283688427869	KD33374	5.35	652024742237
15559676330333	58283429069149	16657	5.35	652024742237
15559651950941	58283246846301	KD19479	5.35	652024742237
15559793213789	58284148588893	KD31101	5.32	652024742237
15559793508701	58284149834077	KD31098	5.32	652024742237
15559793607005	58284150587741	KD31099	5.32	652024742237
15559801536861	58284193808733	KD31102	5.32	652024742237
15559590248797	58282786062685	KD11989	5.32	652024742237
15559458816349	58282032955741	16690	5.28	652024742237
15559653654877	58283260215645	KD25720	5.28	652024742237
15559852753245	58284455821661	KD31257	5.28	652024742237
15559474577757	58282093543773	KD10591	5.28	652024742237
15559582220637	58282719281501	KD10835	5.28	652024742237
15559708344669	58283669225821	KD27661	5.28	652024742237
15559458881885	58282033021277	16596	5.22	652024742237
15559506362717	58282288611677	KD26625	5.18	652024742237
15559810318685	58284234277213	KD25595	5.15	652024742237
15559832437085	58284352373085	KD25596	5.15	652024742237
15559653589341	58283259068765	KD28510	5.15	652024742237
15559656472925	58283280171357	KD17574	5.15	652024742237
15559852261725	58284453232989	KD31256	5.09	652024742237
15559775715677	58284060410205	KD31344	5.09	652024742237
15559503479133	58282278945117	KD22589	4.99	652024742237
15559454032221	58282022535517	KD12549	4.96	652024742237
15559660699997	58283311759709	KD27232	4.96	652024742237
15559536836957	58282442850653	KD16822	4.9	652024742237
15559834468701	58284360925533	KD30658	4.87	652024742237
15559690420573	58283536744797	KD34853	4.87	652024742237
15559466025309	58282073227613	KD34852	4.87	652024742237
15559458128221	58282031284573	KD17472	4.8	652024742237
15559760314717	58283982684509	KD17104	4.8	652024742237
15559776698717	58284064276829	KD33150	4.8	652024742237
15559500005725	58282266427741	KD30737	4.8	652024742237
15559456948573	58282028106077	XM2199A	4.8	652024742237
15559758381405	58283971936605	1383427	4.8	652024742237
15559862550877	58284506546525	KD14931	4.78	652024742237
15559852818781	58284455854429	KD29967	4.76	652024742237
15559458423133	58282032562525	KD12857	4.7	652024742237
15559459406173	58282033774941	KD12403	4.68	652024742237
15559833977181	58284358107485	KD30657	4.64	652024742237
15559753859421	58283949687133	KD31445	4.61	652024742237
15559503151453	58282277405021	KD31448	4.61	652024742237
15559533592925	58282428858717	KD13040	4.55	652024742237
15559550107997	58282512843101	KD12351	4.43	652024742237
15559481524573	58282136699229	KD16725	4.42	652024742237
15559531430237	58282416701789	KD29631	4.42	652024742237
15559519797597	58282355032413	KD34666	4.42	652024742237
15559671611741	58283397775709	KD19109	4.42	652024742237
15559467368797	58282078110045	KD31789	4.34	652024742237
15559472546141	58282088399197	KD31074	4.32	652024742237
15559487160669	58282180903261	KD27781	4.32	652024742237
15559457964381	58282030924125	KD12182	4.32	652024742237
15559507706205	58282297295197	KD34817	4.32	652024742237
15559660241245	58283307663709	TY57	4.32	652024742237
15559659913565	58283304812893	TY58	4.32	652024742237
15559659061597	58283298652509	TY56	4.32	652024742237
15559657226589	58283286757725	KD00711	4.32	652024742237
15559653425501	58283257889117	KD00709	4.32	652024742237
15559593722205	58282809491805	KD34770	4.32	652024742237
15559657783645	58283289280861	KD25589	4.32	652024742237
15559712145757	58283698651485	KD17576	4.32	652024742237
15559591002461	58282791010653	KD34767	4.32	652024742237
15559487193437	58282182082909	KD29587	4.32	652024742237
15559514292573	58282329047389	KD31430	4.32	652024742237
15559474413917	58282092953949	KD29623	4.32	652024742237
15559658635613	58283295506781	TY54	4.32	652024742237
15559487324509	58282182607197	KD20464	4.32	652024742237
15559458062685	58282031219037	KD25710	4.32	652024742237
15559628751197	58283056693597	KD31897	4.32	652024742237
15559475069277	58282094690653	KD11556	4.28	652024742237
15559747371357	58283910922589	KD13617	4.25	652024742237
15559499153757	58282263970141	KD32661	4.22	652024742237
15559783743837	58284104057181	KD32986	4.22	652024742237
15559623606621	58283025727837	KD29245	4.22	652024742237
15559475396957	58282095280477	XM2454HEART	4.22	652024742237
15559862354269	58284505530717	KD14933	4.18	652024742237
15559788560733	58284127387997	KD13641	4.18	652024742237
15559561904477	58282578149725	KD31487	4.16	652024742237
15559520190813	58282356932957	KD34665	4.13	652024742237
15559530971485	58282414408029	KD29630	4.13	652024742237
15559521108317	58282361356637	KD34664	4.13	652024742237
15559707656541	58283666571613	KD27205	4.13	652024742237
15559523926365	58282375545181	KD25886	4.13	652024742237
15559707754845	58283667161437	KD27204	4.13	652024742237
15559722631517	58283764613469	KD24801	4.1	652024742237
15559724007773	58283775623517	8004943	4.03	652024742237
15559499415901	58282264822109	KD26347	4.01	652024742237
15559784989021	58284111069533	KD30087	4	652024742237
15559849509213	58284440453469	KD27858	4	652024742237
15559757103453	58283965645149	KD18186	3.89	652024742237
15559861862749	58284503335261	KD10889	3.84	652024742237
15559758774621	58283974000989	KD24096	3.84	652024742237
15559744880989	58283898011997	KD34578	3.84	652024742237
15559836172637	58284369379677	KD17107	3.84	652024742237
15559499186525	58282264002909	KD30401	3.84	652024742237
15559472775517	58282089447773	KD30970	3.82	652024742237
15559580713309	58282710106461	XMN0041	3.82	652024742237
15559836991837	58284373410141	KD26624	3.8	652024742237
15559759528285	58283978948957	KD26834	3.8	652024742237
15559656898909	58283284431197	KD31260	3.8	652024742237
15559504560477	58282281140573	596058	3.78	652024742237
15559776239965	58284062769501	KD27176	3.74	652024742237
15559584416093	58282736419165	KD32502	3.74	652024742237
15559831486813	58284348637533	KD12016	3.74	652024742237
15559792460125	58284145115485	KD23341	3.74	652024742237
15559626981725	58283046699357	KD24861	3.74	652024742237
15559469334877	58282081386845	KD29870	3.74	652024742237
15559655063901	58283270766941	KD04992	3.65	652024742237
15559741112669	58283879203165	KWSAT	3.65	652024742237
15559671873885	58283399446877	OSG0004	3.65	652024742237
15559473463645	58282090135901	KD04970	3.58	652024742237
15559854719325	58284464079197	KD15193	3.55	652024742237
15559769817437	58284031181149	KD34471	3.53	652024742237
15559673413981	58283410620765	P2458_4	3.53	652045156701
15559452754269	58282020569437	KD15875	3.52	652024742237
15559561183581	58282572939613	KD33339	3.46	652024742237
15559499907421	58282266132829	KD30736	3.46	652024742237
15559711555933	58283693801821	KD33375	3.44	652024742237
15559725416797	58283784831325	KD33464	3.42	652024742237
15559837057373	58284373901661	292900	3.4	652024742237
15559756579165	58283963056477	KD15657	3.37	652024742237
15559591690589	58282797400413	KD34500	3.36	652024742237
15559591788893	58282797859165	KD34499	3.36	652024742237
15559591559517	58282796220765	KD34501	3.36	652024742237
15559486570845	58282173563229	KD05000	3.36	652024742237
15559484670301	58282163732829	KD04939	3.36	652024742237
15559476773213	58282098557277	SPUP	3.36	652024742237
15559476740445	58282098524509	KD12499	3.36	652024742237
15559656964445	58283285053789	KD15906	3.36	652024742237
15559502102877	58282271474013	KSGNT	3.36	652024742237
15559807861085	58284224119133	KD16789	3.36	652024742237
15559481983325	58282140860765	SHEC	3.36	652024742237
15559453311325	58282021290333	10625	3.34	652024742237
15559850197341	58284442452317	KD24111	3.32	652024742237
15559685931357	58283504697693	KD15800	3.3	652024742237
15559473234269	58282089906525	KD22555	3.26	652024742237
15559473201501	58282089873757	KD22553	3.26	652024742237
15559473070429	58282089742685	KD23149	3.26	652024742237
15559473103197	58282089775453	KD22552	3.26	652024742237
15559473299805	58282089972061	KD22556	3.26	652024742237
15559473168733	58282089840989	KD22624	3.26	652024742237
15559473135965	58282089808221	KD22554	3.26	652024742237
15559606436189	58282905764189	KD33046	3.26	652024742237
15559517962589	58282346676573	KD24168	3.26	652024742237
15559607091549	58282909073757	KD30381	3.26	652024742237
15559581761885	58282715611485	KD13281	3.24	652024742237
15559513407837	58282325147997	KD13282	3.24	652024742237
15559746715997	58283907318109	KD17553	3.24	652024742237
15559832142173	58284351783261	KD14797	3.24	652024742237
15559741440349	58283880874333	505014R	3.24	652024742237
15559467434333	58282078208349	KD31427	3.23	652024742237
15559689142621	58283528487261	382	3.22	652024742237
15559467336029	58282078077277	KD31791	3.19	652024742237
15559776076125	58284061983069	KD27173	3.17	652024742237
15559472251229	58282088005981	KD03276	3.17	652024742237
15559472742749	58282089382237	KD30969	3.17	652024742237
15559579042141	58282699817309	KD27719	3.17	652024742237
15559579337053	58282703192413	KD27718	3.17	652024742237
15559579107677	58282701783389	KD30378	3.17	652024742237
15559659290973	58283301011805	KD20834	3.17	652024742237
15559472447837	58282088268125	KD22284	3.17	652024742237
15559503216989	58282277470557	KD31442	3.17	652024742237
15559608631645	58282924441949	KD25882	3.17	652024742237
15559512424797	58282320593245	KD28132	3.17	652024742237
15559468286301	58282079486301	KD16823	3.17	652024742237
15559714406749	58283714249053	KD17473	3.17	652024742237
15559502004573	58282271342941	JD3441	3.17	652024742237
15559754514781	58283952800093	345504BROWN	3.17	652024742237
15559754645853	58283953127773	345504GREY	3.17	652024742237
15559754285405	58283951554909	345504DUCK	3.17	652024742237
15559754973533	58283954733405	345504SHEEP	3.17	652024742237
15559462420829	58282041770333	56659	3.17	652024742237
15559471300957	58282085646685	58210	3.14	652024742237
15559591395677	58282795172189	KD16810	3.12	652045156701
15559808057693	58284225560925	KD25160	3.11	652024742237
15559546536285	58282496033117	KD34606	3.07	652024742237
15559503741277	58282279698781	KD29365	3.07	652024742237
15559503774045	58282279731549	KD32546	3.07	652024742237
15559753761117	58283949195613	KD11169	3.07	652024742237
15559499809117	58282265837917	KD30734	3.07	652024742237
15559623410013	58283025039709	KD17092	3.07	652024742237
15559549813085	58282511466845	KD22949	3.04	652024742237
15559550009693	58282512417117	KD22946	3.04	652024742237
15559549092189	58282508452189	KD22947	3.04	652024742237
15559549682013	58282510909789	KD22948	3.04	652024742237
15559629832541	58283063607645	KD14582	3.04	652024742237
15559756677469	58283963547997	KD04873	3.04	652024742237
15559507673437	58282297262429	KD17550	3.02	652024742237
15559611547997	58282944659805	KD20132	3.02	652024742237
15559787938141	58284125323613	KD25491	3	652024742237
15559711129949	58283689935197	KD33371	2.99	652024742237
15559728398685	58283800723805	KD12362	2.98	652024742237
15559503511901	58282278977885	KD12301	2.98	652024742237
15559472480605	58282088300893	KD00822	2.98	652024742237
15559519371613	58282352574813	KD29621	2.98	652024742237
15559576322397	58282678747485	KD32588	2.98	652024742237
15559470547293	58282082664797	KD17874	2.98	652024742237
15559628947805	58283058659677	KD00720	2.98	652024742237
15559754056029	58283950113117	11926	2.98	652024742237
15559537197405	58282443866461	KD25348	2.96	652045156701
15559503708509	58282279666013	KD32552	2.94	652024742237
15559499481437	58282264887645	KD30728	2.9	652024742237
15559475200349	58282095051101	XMN0205	2.9	652024742237
15559675806045	58283426775389	KD16928	2.88	652024742237
15559740195165	58283874320733	KD18435	2.88	652024742237
15559863501149	58284511527261	SMCL	2.88	652024742237
15559852917085	58284456018269	KD34629	2.88	652024742237
15559667515741	58283372151133	KD21604	2.88	652024742237
15559470612829	58282082959709	KD16833	2.88	652024742237
15559580909917	58282711581021	KD27644	2.88	652024742237
15559499219293	58282264199517	KD30374	2.88	652024742237
15559499874653	58282265903453	KD30735	2.88	652024742237
15559486407005	58282172219741	COC0013	2.88	652024742237
15559466713437	58282074243421	XMS0855	2.88	652024742237
15559672529245	58283403346269	40073	2.86	652024742237
15559456686429	58282027745629	KD11607	2.86	652024742237
15559532544349	58282421977437	KD34661	2.86	652024742237
15559523729757	58282374299997	KD34662	2.86	652024742237
15559522156893	58282366665053	KD34663	2.86	652024742237
15559726793053	58283791843677	XM2439	2.86	652024742237
15559507542365	58282296705373	KD26626	2.84	652024742237
15559773290845	58284047860061	KD32990	2.84	652024742237
15559657161053	58283286495581	KD30631	2.84	652024742237
15559807041885	58284220449117	KD13834	2.84	652024742237
15559500431709	58282267541853	KD04745	2.84	652024742237
15559624360285	58283029234013	KD29951	2.84	652024742237
15559850426717	58284443894109	KD24112	2.78	652024742237
15559759724893	58283979866461	KD24059	2.72	652024742237
15559660568925	58283311497565	KD30410	2.72	652024742237
15559849673053	58284441010525	BU1225	2.72	652024742237
15559467958621	58282078863709	KD34854	2.71	652024742237
15559465861469	58282072801629	KD34863	2.71	652024742237
15559810122077	58284233654621	KD31481	2.71	652024742237
15559783874909	58284105302365	KD33084	2.69	652024742237
15559613546845	58282949968221	KD16549	2.69	652024742237
15559708803421	58283671486813	KD27202	2.69	652024742237
15559520518493	58282358505821	KD29626	2.69	652024742237
15559520878941	58282360308061	KD29625	2.69	652024742237
15559546044765	58282493772125	KD29618	2.69	652024742237
15559546274141	58282495017309	KD29619	2.69	652024742237
15559546208605	58282494525789	KD29617	2.69	652024742237
15559516684637	58282341237085	KD25189	2.69	652024742237
15559517045085	58282342351197	KD25188	2.69	652024742237
15559455998301	58282026434909	10047	2.69	652024742237
15559459242333	58282033447261	599080	2.69	652024742237
15559783285085	58284101632349	3184	2.69	652024742237
15559452787037	58282020634973	KD15876	2.66	652024742237
15559624098141	58283028480349	KD31248	2.65	652024742237
15559457702237	58282030596445	KD22996	2.65	652024742237
15559745339741	58283900830045	KD24567	2.62	652024742237
15559468253533	58282079289693	KD17816	2.62	652024742237
15559673020765	58283407638877	16392_XLARGE	2.62	652024742237
15559459438941	58282033807709	XMS0602	2.62	652024742237
15559561019741	58282572317021	KD33338	2.59	652024742237
15559606829405	58282908025181	KD33045	2.59	652024742237
15559577665885	58282689036637	KD32585	2.59	652024742237
15559578288477	58282693427549	KD32590	2.59	652024742237
15559455506781	58282025091421	KD31414	2.59	652024742237
15559455277405	58282024829277	KD31428	2.57	652024742237
15559807402333	58284221956445	COOLB17	2.52	652024742237
15559502922077	58282276979037	KD18176	2.52	652024742237
15559546700125	58282496393565	KD34609	2.5	652024742237
15559806976349	58284220383581	KD13892	2.46	652024742237
15559594279261	58282812047709	KD32117	2.46	652024742237
15559457571165	58282030432605	81728	2.46	652024742237
15559457997149	58282030956893	81727	2.46	652024742237
15559469302109	58282081354077	110002	2.46	652024742237
15559783055709	58284100583773	KD17448	2.44	652024742237
15559596573021	58282823156061	COOLB08	2.44	652024742237
15559836762461	58284372427101	KD33499	2.44	652024742237
15559578681693	58282695983453	KD20386	2.44	652024742237
15559466090845	58282073555293	KD13961	2.44	652024742237
15559577010525	58282684023133	KD32591	2.42	652024742237
15559453442397	58282021781853	KD14864	2.4	652024742237
15559503413597	58282278879581	KD26259	2.4	652024742237
15559482114397	58282142695773	KD16776	2.4	652024742237
15559482999133	58282149675357	KD16778	2.4	652024742237
15559501250909	58282269049181	CR0196	2.4	652024742237
15559610892637	58282940662109	KD24058	2.4	652024742237
15559533625693	58282428891485	KD32108	2.4	652024742237
15559487422813	58282183688541	KD30968	2.4	652024742237
15559471104349	58282085450077	KD23973	2.4	652024742237
15559471071581	58282085417309	KD23974	2.4	652024742237
15559628554589	58283055481181	KD31890	2.4	652024742237
15559746027869	58283904434525	KD27836	2.4	652024742237
15559759069533	58283976098141	KD19797	2.4	652024742237
15559862157661	58284504547677	XMC0112	2.4	652024742237
15559729152349	58283804819805	XMC0113	2.4	652024742237
15559502954845	58282277011805	DP54281	2.4	652024742237
15559457046877	58282028204381	19248	2.4	652024742237
15559518355805	58282348446045	KSMDO60	2.4	652024742237
15559473725789	58282091151709	KD30377	2.38	652024742237
15559473791325	58282091217245	KD30375	2.38	652024742237
15559759823197	58283980423517	KD25863	2.38	652024742237
15559473758557	58282091184477	KD30376	2.38	652024742237
15559482900829	58282149085533	KD22994	2.38	652024742237
15559465730397	58282072539485	KD34856	2.38	652024742237
15559688978781	58283526979933	KD29828	2.38	652024742237
15559560823133	58282571235677	KD33340	2.34	652024742237
15559473037661	58282089709917	KD22399	2.33	652024742237
15559472873821	58282089546077	KD22410	2.33	652024742237
15559464845661	58282070966621	KD18306	2.33	652024742237
15559470088541	58282082140509	KD27415	2.33	652024742237
15559832109405	58284351717725	KD32539	2.3	652024742237
15559484342621	58282161897821	KD26875	2.3	652024742237
15559790952797	58284138037597	HH4960	2.3	652024742237
15559746158941	58283905188189	KD32886	2.3	652024742237
15559660634461	58283311694173	KD27231	2.3	652024742237
15559630717277	58283068653917	KD31634	2.3	652024742237
15559654277469	58283263754589	KD31899	2.3	652024742237
15559499743581	58282265772381	KD30733	2.3	652024742237
15559454523741	58282023256413	385101	2.3	652024742237
15559742849373	58283887231325	101143FLOWER	2.3	652024742237
15559475233117	58282095083869	140190	2.3	652024742237
15559453639005	58282022043997	451463	2.3	652024742237
15559456489821	58282027221341	KD14786	2.3	652024742237
15559710769501	58283686691165	KD03834	2.29	652024742237
15559575961949	58282675962205	KD32586	2.27	652024742237
15559850623325	58284445073757	KD24113	2.27	652024742237
15559788265821	58284126503261	KD25505	2.24	652024742237
15559850066269	58284442157405	KD24110	2.23	652024742237
15559860453725	58284496191837	KD31418	2.23	652024742237
15559592018269	58282800513373	KD34496	2.21	652024742237
15559592411485	58282802676061	KD34498	2.21	652024742237
15559592182109	58282801463645	KD34495	2.21	652024742237
15559591919965	58282798219613	KD34497	2.21	652024742237
15559472841053	58282089513309	KD22395	2.21	652024742237
15559472939357	58282089611613	KD22398	2.21	652024742237
15559769948509	58284031934813	KD33134	2.21	652024742237
15559537295709	58282444161373	KD26659	2.21	652024742237
15559515996509	58282337796445	KD25183	2.21	652024742237
15559517307229	58282343563613	KD25186	2.21	652024742237
15559515799901	58282336584029	KD25182	2.21	652024742237
15559516127581	58282338320733	KD25184	2.21	652024742237
15559864025437	58284514214237	KD02648	2.21	652024742237
15559594574173	58282813555037	BW31022	2.18	652024742237
15559859962205	58284493767005	XM1594	2.18	652024742237
15559559414109	58282565435741	BW31013	2.18	652024742237
15559473004893	58282089677149	KD22401	2.17	652024742237
15559472906589	58282089578845	KD22396	2.17	652024742237
15559472972125	58282089644381	KD22402	2.17	652024742237
15559559741789	58282566386013	KD00315	2.16	652024742237
15559473267037	58282089939293	KD10571	2.15	652024742237
15559629472093	58283061838173	802865	2.15	652024742237
15559501873501	58282270851421	KD31413	2.15	652024742237
15559592706397	58282806116701	KD20826	2.14	652024742237
15559593001309	58282807591261	KD20827	2.14	652024742237
15559593427293	58282808574301	KD34494	2.14	652024742237
15559562264925	58282580148573	KD31411	2.14	652024742237
15559466254685	58282073719133	KD31416	2.14	652024742237
15559692648797	58283552309597	KD27428	2.14	652024742237
15559500562781	58282267705693	BGG1129	2.12	652024742237
15559464190301	58282064937309	KD18301	2.11	652024742237
15559760609629	58283983765853	KD29848	2.11	652024742237
15559584055645	58282733404509	KD34755	2.11	652024742237
15559472218461	58282087940445	KD03275	2.11	652024742237
15559472185693	58282087907677	KD03274	2.11	652024742237
15559470940509	58282085286237	KD23975	2.11	652024742237
15559470907741	58282085253469	KD23976	2.11	652024742237
15559471137117	58282085482845	KD23971	2.11	652024742237
15559832338781	58284352078173	TX0922	2.11	652024742237
15559629603165	58283062165853	KD17116	2.11	652024742237
15559488012637	58282187915613	KSE0014	2.11	652024742237
15559790821725	58284137709917	TY4413	2.08	652024742237
15559657062749	58283285807453	KD25616	2.08	652024742237
15559852065117	58284452151645	KD33486	2.08	652024742237
15559473365341	58282090037597	KD10570	2.04	652024742237
15559861829981	58284503073117	KD19428	2.04	652024742237
15559468450141	58282079715677	42955	2.04	652024742237
15559577928029	58282690478429	KD32570	2.02	652024742237
15559486898525	58282177757533	KD30000	2.02	652024742237
15559471759709	58282086367581	KD13594	2.02	652024742237
15559725646173	58283786010973	KD33467	2.02	652024742237
15559560724829	58282570514781	KD33341	1.99	652024742237
15559849607517	58284440748381	KD24238	1.99	652024742237
15559760544093	58283983700317	KD20823	1.98	652024742237
15559745241437	58283900109149	KD19063	1.98	652024742237
15559565410653	58282597646685	330020_18	1.98	652024742237
15559611908445	58282946724189	T5906	1.94	652024742237
15559453016413	58282020929885	KD22981	1.94	652024742237
15559452918109	58282020798813	KD22984	1.94	652024742237
15559452885341	58282020733277	KD17510	1.94	652024742237
15559452950877	58282020831581	KD22985	1.94	652024742237
15559452983645	58282020864349	KD17513	1.94	652024742237
15559714799965	58283717427549	KD14985	1.94	652024742237
15559475855709	58282096492893	KD12640	1.94	652024742237
15559579894109	58282706862429	104820	1.94	652024742237
15559471694173	58282086269277	KI6746B	1.92	652024742237
15559746781533	58283907580253	HH5336	1.92	652024742237
15559468024157	58282078962013	KD34773	1.92	652024742237
15559581860189	58282716496221	KD27835	1.92	652024742237
15559606632797	58282906583389	KD30380	1.92	652024742237
15559653949789	58283261755741	KD00829	1.92	652024742237
15559499710813	58282265510237	KD30732	1.92	652024742237
15559499612509	58282265411933	KD30739	1.92	652024742237
15559502201181	58282271768925	14607	1.92	652024742237
15559467237725	58282077946205	BML87080	1.92	652024742237
15559457669469	58282030563677	PM451916	1.92	652024742237
15559455572317	58282025419101	ST7026	1.92	652024742237
15559806943581	58284220350813	OSG0002	1.92	652024742237
15559809892701	58284232311133	KD32733	1.9	652024742237
15559810056541	58284233392477	KD32717	1.9	652024742237
15559710933341	58283687772509	KD33373	1.9	652024742237
15559468515677	58282079813981	KD16422	1.9	652024742237
15559809991005	58284232835421	KD32740	1.9	652024742237
15559559151965	58282564354397	KD14327	1.9	652024742237
15559582122333	58282718789981	KD02620	1.9	652024742237
15559624950109	58283033657693	AVNTNATIVITY	1.9	652024742237
15559507738973	58282297327965	KD34819	1.88	652024742237
15559656079709	58283277386077	KD26829	1.88	652024742237
15559467467101	58282078241117	KD31577	1.88	652024742237
15559611679069	58282945413469	4055	1.88	652024742237
15559790625117	58284137316701	KD15086	1.85	652024742237
15559693009245	58283554406749	KD03870	1.85	652024742237
15559853015389	58284456116573	KD29724	1.85	652024742237
15559769588061	58284030755165	BW32033	1.85	652024742237
15559667253597	58283371069789	KD25612	1.85	652024742237
15559548830045	58282507043165	330021CLOVER	1.85	652024742237
15559804027229	58284204687709	KD29225	1.82	652024742237
15559465468253	58282071949661	KD34815	1.82	652024742237
15559747010909	58283908825437	PI510032	1.82	652024742237
15559708606813	58283671093597	KD27660	1.82	652024742237
15559536640349	58282442391901	KD24002	1.82	652024742237
15559742062941	58283884839261	14724-BX	1.82	652024742237
15559537754461	58282446061917	DP06454	1.82	652024742237
15559743144285	58283888607581	KD22122	1.8	652024742237
15559534149981	58282431447389	KD00309	1.8	652024742237
15559833125213	58284354765149	KD23087	1.8	652024742237
15559533920605	58282430431581	KD00313	1.8	652024742237
15559534215517	58282431775069	KD00310	1.8	652024742237
15559466287453	58282073751901	KD14320	1.8	652024742237
15559534018909	58282430923101	KD29268	1.8	652024742237
15559485391197	58282165076317	KD26876	1.8	652024742237
15559851639133	58284449694045	KD22374	1.8	652024742237
15559711719773	58283694686557	KD33364	1.8	652024742237
15559501185373	58282268983645	KD12404	1.8	652024742237
15559792296285	58284143870301	KD23088	1.8	652024742237
15559787479389	58284124078429	KD25495	1.8	652024742237
15559593230685	58282808050013	KD20828	1.79	652045156701
15559466320221	58282073784669	915695	1.78	652024742237
15559512228189	58282320167261	KD34816	1.76	652024742237
15559577567581	58282688250205	KD32567	1.76	652024742237
15559456915805	58282028073309	DP54711	1.75	652024742237
15559475528029	58282095935837	KD12494	1.73	652024742237
15559548698973	58282506256733	KD31412	1.73	652024742237
15559461699933	58282038395229	KD13042	1.73	652024742237
15559692288349	58283549163869	KD19206	1.73	652024742237
15559674724701	58283420025181	KD25859	1.73	652024742237
15559673119069	58283409015133	438996_3	1.73	652024742237
15559740817757	58283877728605	TY5060	1.7	652024742237
15559475331421	58282095214941	K051048	1.7	652024742237
15559504691549	58282281468253	DP06281	1.7	652024742237
15559470514525	58282082632029	KD26660	1.69	652024742237
15559855931741	58284470731101	KD11165	1.69	652024742237
15559456653661	58282027712861	DP06482	1.68	652024742237
15559689568605	58283531731293	611920	1.67	652024742237
15559756513629	58283962794333	KD14883	1.66	652024742237
15559578517853	58282694639965	KD34610	1.63	652024742237
15559567573341	58282613178717	KD32581	1.63	652024742237
15559740916061	58283878220125	KD29335	1.63	652024742237
15559657652573	58283288756573	KD27792	1.63	652024742237
15559467598173	58282078404957	KD31415	1.63	652024742237
15559657587037	58283288330589	KD00812	1.63	652024742237
15559470252381	58282082304349	KD30958	1.63	652024742237
15559518585181	58282348904797	KD10036	1.63	652024742237
15559534772573	58282434036061	YS14510	1.63	652024742237
15559475691869	58282096165213	950050	1.63	652024742237
15559476216157	58282097049949	XJRL	1.63	652024742237
15559853244765	58284456739165	KD29728	1.63	652024742237
15559669449053	58283385815389	P2358	1.61	652024742237
15559581139293	58282712138077	KD25501	1.61	652024742237
15559475790173	58282096296285	PM152360SW	1.61	652024742237
15559504462173	58282281009501	DP06433	1.61	652024742237
15559460618589	58282036789597	390117	1.61	652024742237
15559739900253	58283872846173	KD10049	1.6	652024742237
15559756743005	58283963842909	KD28723	1.58	652024742237
15559759987037	58283980980573	KD29824	1.57	652024742237
15559577469277	58282687299933	KD32559	1.57	652024742237
15559468745053	58282080239965	KD17985	1.57	652024742237
15559499579741	58282265215325	KD30731	1.57	652024742237
15559517733213	58282345464157	KD24166	1.56	652024742237
15559836434781	58284370919773	KD27646	1.56	652024742237
15559458554205	58282032693597	16724	1.54	652024742237
15559746617693	58283906826589	KD10770	1.54	652024742237
15559582613853	58282722034013	KD02622	1.54	652024742237
15559583760733	58282731503965	KD34753	1.54	652024742237
15559675248989	58283423105373	KD29558	1.54	652024742237
15559455670621	58282025648477	KD16265	1.54	652024742237
15559469203805	58282081255773	PM070038	1.54	652024742237
15559458095453	58282031251805	CR0026	1.54	652024742237
15559535624541	58282439115101	KD23997	1.52	652045156701
15559533855069	58282430300509	KD00296	1.51	652024742237
15559744455005	58283895193949	KD26424	1.51	652024742237
15559503905117	58282279895389	KD26353	1.51	652024742237
15559466352989	58282073882973	BU1245	1.51	652024742237
15559860683101	58284496748893	KD31394	1.51	652024742237
15559504068957	58282280288605	793968	1.51	652024742237
15559559610717	58282566058333	KD00323	1.5	652024742237
15559706542429	58283659460957	KD16872	1.5	652024742237
15559851376989	58284448678237	KD22833	1.5	652024742237
15559846789469	58284426494301	KD18298	1.5	652024742237
15559656866141	58283284332893	KD20850	1.5	652024742237
15559653032285	58283254022493	KD00801	1.5	652024742237
15559567835485	58282615013725	KD32572	1.5	652024742237
15559465566557	58282072080733	KD29999	1.5	652024742237
15559689306461	58283530682717	181058_50	1.5	652024742237
15559453114717	58282021028189	143719	1.5	652024742237
15559453081949	58282020995421	143733	1.5	652024742237
15559467401565	58282078142813	KD31417	1.48	652024742237
15559835156829	58284364988765	960402	1.48	652024742237
15559834632541	58284362105181	960403	1.48	652024742237
15559723385181	58283770773853	KD16667	1.46	652024742237
15559792132445	58284142690653	OL306089	1.44	652024742237
15559462289757	58282039345501	KD20565	1.44	652024742237
15559470678365	58282084041053	KD20638	1.44	652024742237
15559629504861	58283061870941	KD25582	1.44	652024742237
15559470645597	58282082992477	KD16830	1.44	652024742237
15559675511133	58283425497437	KD24151	1.44	652024742237
15559851868509	58284451332445	KD31673	1.44	652024742237
15559627211101	58283047944541	KD18092	1.44	652024742237
15559742980445	58283887984989	EH03144	1.44	652024742237
15559521304925	58282362274141	KD29632	1.44	652024742237
15559532249437	58282420437341	KD03279	1.44	652024742237
15559503806813	58282279797085	KD26354	1.44	652024742237
15559503839581	58282279829853	KD26356	1.44	652024742237
15559760773469	58283984486749	KD27174	1.44	652024742237
15559462093149	58282039148893	KD31799	1.44	652024742237
15559469367645	58282081419613	KD13043	1.44	652024742237
15559537131869	58282443637085	KD24011	1.44	652024742237
15559854129501	58284460638557	KD23479	1.44	652024742237
15559853343069	58284456837469	KD29952	1.44	652024742237
15559758119261	58283970756957	1383429	1.44	652024742237
15559566164317	58282604069213	KD19832	1.42	652024742237
15559473889629	58282091282781	KD11065	1.42	652024742237
15559711228253	58283690656093	KD03796	1.42	652024742237
15559499383133	58282264625501	KD30032	1.4	652024742237
15559668728157	58283380408669	KD25195	1.39	652024742237
15559668302173	58283378573661	KD25197	1.39	652024742237
15559624032605	58283027988829	KD23865	1.38	652024742237
15559580221789	58282708566365	KD33291	1.38	652024742237
15559473529181	58282090201437	KD22836	1.38	652024742237
15559657423197	58283287937373	KD00799	1.38	652024742237
15559725842781	58283787190621	KD33466	1.38	652024742237
15559559971165	58282567598429	KD00316	1.37	652024742237
15559675019613	58283421696349	KD15964	1.37	652024742237
15559460913501	58282037313885	DP54764	1.37	652024742237
15559722467677	58283763532125	KD28172	1.37	652024742237
15559676756317	58283431461213	181071	1.37	652024742237
15559743865181	58283892080989	KD26413	1.37	652024742237
15559624655197	58283031527773	794808	1.37	652024742237
15559759790429	58283980390749	KD17896	1.36	652024742237
15559474512221	58282093445469	KD17899	1.36	652024742237
15559458718045	58282032857437	PM507010	1.36	652024742237
15559488176477	58282189029725	KD03819	1.36	652024742237
15559519240541	58282352378205	KD34659	1.36	652024742237
15559518978397	58282351067485	KD21220	1.36	652024742237
15559630979421	58283070128477	KD31729	1.36	652024742237
15559462191453	58282039247197	CN011	1.34	652024742237
15559468155229	58282079125853	24550	1.34	652024742237
15559468187997	58282079158621	KD26187	1.34	652024742237
15559755170141	58283955519837	KD34868	1.34	652024742237
15559503085917	58282277339485	KD25568	1.34	652024742237
15559503118685	58282277372253	KD25580	1.34	652024742237
15559468548445	58282079846749	KD02578	1.34	652024742237
15559755432285	58283956863325	KD34866	1.34	652024742237
15559686324573	58283506991453	KD20343	1.34	652024742237
15559499514205	58282265149789	KD30730	1.34	652024742237
15559558857053	58282563043677	451333G	1.34	652024742237
15559790690653	58284137382237	TY5062	1.34	652024742237
15559627997533	58283051909469	KD15973	1.33	652024742237
15559667941725	58283376476509	KD25198	1.33	652024742237
15559468351837	58282079584605	KD29863	1.32	652024742237
15559564558685	58282591781213	79502922	1.32	652024742237
15559452623197	58282019946845	339	1.32	652024742237
15559473430877	58282090103133	KD26661	1.31	652024742237
15559468581213	58282079879517	KD26268	1.31	652024742237
15559606108509	58282903372125	KD32118	1.31	652024742237
15559852884317	58284455985501	KD31255	1.31	652024742237
15559462027613	58282039083357	KD22164	1.31	652024742237
15559559217501	58282564419933	KD25459	1.31	652024742237
15559504527709	58282281075037	DP06370DOTS	1.31	652024742237
15559504494941	58282281042269	DP06370HAPPY	1.31	652024742237
15559504232797	58282280517981	DP06384	1.31	652024742237
15559790887261	58284137775453	KD13947	1.3	652024742237
15559473561949	58282090234205	KD12909	1.3	652024742237
15559707525469	58283665850717	KD16869	1.3	652024742237
15559787643229	58284124537181	KD25506	1.3	652024742237
15559471399261	58282085744989	62091	1.3	652024742237
15559722271069	58283762450781	KD29244	1.28	652024742237
15559743373661	58283889623389	KD22125	1.28	652024742237
15559760380253	58283982946653	KD32901	1.28	652024742237
15559467303261	58282078011741	KD32813	1.28	652024742237
15559454294365	58282022961501	173309	1.28	652024742237
15559476085085	58282096853341	KD22706	1.27	652024742237
15559467696477	58282078503261	KD34573	1.27	652024742237
15559725941085	58283787518301	KD14049	1.26	652024742237
15559707853149	58283667423581	KD20603	1.26	652024742237
15559784333661	58284107104605	KD30081	1.26	652024742237
15559741276509	58283880153437	KD17458	1.26	652024742237
15559546863965	58282497409373	KD27431	1.25	652024742237
15559501349213	58282269540701	KD19535	1.25	652024742237
15559468056925	58282078994781	KD16466	1.25	652024742237
15559462453597	58282041803101	KD27309	1.25	652024742237
15559723090269	58283769233757	KD16666	1.25	652024742237
15559723254109	58283770151261	KD16665	1.25	652024742237
15559468482909	58282079748445	KD16421	1.25	652024742237
15559453475165	58282021847389	CN003	1.25	652024742237
15559483228509	58282152067421	KD25455	1.25	652024742237
15559474676061	58282093642077	KD25569	1.25	652024742237
15559547027805	58282498261341	KD27429	1.25	652024742237
15559462060381	58282039116125	KD16410	1.25	652024742237
15559631274333	58283071603037	KD25573	1.25	652024742237
15559472316765	58282088071517	KD25575	1.25	652024742237
15559475102045	58282094887261	KD11335	1.25	652024742237
15559726137693	58283788108125	KD02568	1.25	652024742237
15559516324189	58282339303773	KD13661	1.25	652024742237
15559609712989	58282932404573	KD32555	1.25	652024742237
15559465697629	58282072342877	KD34864	1.25	652024742237
15559627473245	58283049386333	KD18094	1.25	652024742237
15559651590493	58283245863261	KD25578	1.25	652024742237
15559471628637	58282085974365	KD25572	1.25	652024742237
15559709655389	58283678269789	KD25577	1.25	652024742237
15559468908893	58282080436573	KD02577	1.25	652024742237
15559536476509	58282442195293	KD24006	1.25	652024742237
15559515210077	58282333405533	KD32354	1.25	652024742237
15559593984349	58282810704221	DGI0240	1.25	652024742237
15559863632221	58284512084317	KD25523	1.25	652024742237
15559863566685	58284511789405	KD29230	1.25	652024742237
15559468319069	58282079551837	KD29865	1.25	652024742237
15559687504221	58283515511133	KD22369	1.25	652024742237
15559608041821	58282920837469	KD20365	1.25	652024742237
15559459471709	58282033840477	PTCRFT03	1.25	652024742237
15559472283997	58282088038749	RY283	1.25	652024742237
15559454589277	58282023354717	BGG1128	1.22	652024742237
15559614988637	58282958979421	KD26623	1.22	652024742237
15559628357981	58283054268765	KD21348	1.22	652024742237
15559607288157	58282913300829	KD30385	1.22	652024742237
15559465795933	58282072605021	KD34861	1.21	652024742237
15559465632093	58282072146269	KD34862	1.21	652024742237
15559848329565	58284434620765	KD18291	1.21	652024742237
15559476019549	58282096755037	KD22694	1.19	652024742237
15559456522589	58282027319645	KD22815	1.19	652024742237
15559546470749	58282495967581	KD34605	1.19	652024742237
15559786955101	58284123095389	KD19090	1.19	652024742237
15559594443101	58282813030749	KD13218	1.19	652024742237
15559726498141	58283789975901	KD02569	1.19	652024742237
15559475626333	58282096066909	KD17508	1.19	652024742237
15559772963165	58284047106397	KD33481	1.19	652024742237
15559467499869	58282078273885	KD34858	1.19	652024742237
15559707132253	58283663262045	KD11351	1.19	652024742237
15559534805341	58282434068829	KD14644	1.19	652024742237
15559467925853	58282078830941	KD34581	1.19	652024742237
15559504331101	58282280845661	KD17928	1.19	652024742237
15559454064989	58282022601053	303507	1.19	652024742237
15559457079645	58282028237149	736012	1.19	652024742237
15559670792541	58283393319261	202	1.19	652024742237
15559563116893	58282584473949	KD14955	1.18	652024742237
15559562953053	58282583556445	KD14953	1.18	652024742237
15559860191581	58284494651741	KD19177	1.18	652024742237
15559745896797	58283904139613	KD34750	1.18	652024742237
15559854457181	58284462604637	KD18803	1.18	652024742237
15559614857565	58282958258525	8007	1.18	652024742237
15559464419677	58282066903389	KD18303	1.18	652024742237
15559476150621	58282096951645	KD22692	1.18	652024742237
15559476183389	58282096984413	KD22693	1.18	652024742237
15559673807197	58283413078365	ST5154	1.18	652024742237
15559608861021	58282926834013	KD18938	1.18	652024742237
15559567245661	58282610852189	KD32596	1.18	652024742237
15559514095965	58282328392029	KD20787	1.18	652024742237
15559464911197	58282071064925	KD18311	1.18	652024742237
15559464780125	58282070868317	KD18307	1.18	652024742237
15559464550749	58282068771165	KD18312	1.18	652024742237
15559704805725	58283645763933	KD11345	1.18	652024742237
15559854031197	58284460147037	KD18308	1.18	652024742237
15559464714589	58282070802781	KD18304	1.18	652024742237
15559464681821	58282070770013	KD18305	1.18	652024742237
15559838663005	58284378030429	KD23521	1.18	652024742237
15559838073181	58284376686941	KD30311	1.18	652024742237
15559847477597	58284431049053	KD26753	1.18	652024742237
15559838728541	58284378194269	KD23524	1.18	652024742237
15559838826845	58284378489181	KD26761	1.18	652024742237
15559775256925	58284057821533	KD10771	1.18	652024742237
15559837483357	58284375441757	KD26759	1.18	652024742237
15559464649053	58282070737245	KD19451	1.18	652024742237
15559839023453	58284379570525	KD26763	1.18	652024742237
15559846363485	58284424888669	KD26756	1.18	652024742237
15559837352285	58284375081309	KD26760	1.18	652024742237
15559847969117	58284433178973	KD26757	1.18	652024742237
15559847641437	58284431901021	KD26758	1.18	652024742237
15559461273949	58282037805405	KD33997	1.18	652024742237
15559468646749	58282079945053	KD17984	1.15	652024742237
15559783219549	58284101140829	KD16499	1.15	652024742237
15559515570525	58282334814557	KD20677	1.15	652024742237
15559489159517	58282192961885	KD20249	1.15	652024742237
15559753924957	58283949752669	KD29257	1.15	652024742237
15559504200029	58282280485213	KD31614	1.15	652024742237
15559743406429	58283889656157	KD31497	1.15	652024742237
15559468679517	58282080010589	KD17986	1.15	652024742237
15559705002333	58283647500637	KD11343	1.15	652024742237
15559726006621	58283787583837	KD11598	1.15	652024742237
15559466156381	58282073620829	KD30407	1.15	652024742237
15559475429725	58282095313245	KD12503	1.15	652024742237
15559469138269	58282081190237	KD02579	1.15	652024742237
15559565574493	58282599285085	KD16025	1.15	652024742237
15559832994141	58284354339165	DP54073	1.15	652024742237
15559475724637	58282096197981	XA3728	1.15	652024742237
15559630815581	58283069145437	TY454	1.15	652024742237
15559561707869	58282576707933	RY119	1.15	652024742237
15559475921245	58282096591197	DP54148	1.14	652024742237
15559591493981	58282796187997	KD15368	1.14	652024742237
15559849738589	58284441076061	KD24237	1.13	652024742237
15559465501021	58282071982429	KD29997	1.13	652024742237
15559861240157	58284499632477	DP54818	1.13	652024742237
15559468220765	58282079224157	KD22191	1.13	652024742237
15559455736157	58282026041693	KD11611	1.13	652024742237
15559835779421	58284367413597	KD17502	1.13	652024742237
15559835910493	58284367937885	KD17500	1.13	652024742237
15559836008797	58284368429405	KD17501	1.13	652024742237
15559454163293	58282022830429	140792	1.13	652024742237
15559503675741	58282279633245	KD22818	1.12	652024742237
15559456555357	58282027516253	KD22816	1.12	652024742237
15559726399837	58283789484381	KD27438	1.12	652024742237
15559810187613	58284233949533	KD03552	1.12	652024742237
15559453770077	58282022240605	KD22971	1.12	652024742237
15559576125789	58282677862749	KD32587	1.12	652024742237
15559535165789	58282436788573	KD17171	1.12	652024742237
15559535362397	58282437837149	KD17167	1.12	652024742237
15559775355229	58284058411357	KD18300	1.12	652024742237
15559838925149	58284379472221	KD23527	1.12	652024742237
15559584219485	58282734518621	KD34766	1.12	652024742237
15559591297373	58282794352989	KD34768	1.12	652024742237
15559590117725	58282785341789	KD32379	1.12	652024742237
15559590904157	58282790781277	KD34772	1.12	652024742237
15559861535069	58284501434717	DP54822	1.12	652024742237
15559607910749	58282919428445	KD15457	1.12	652024742237
15559589691741	58282781245789	KD29657	1.12	652024742237
15559608369501	58282922377565	KD30195	1.12	652024742237
15559468941661	58282080469341	KD02580	1.12	652024742237
15559860945245	58284497764701	DP54823	1.12	652024742237
15559482540381	58282145841501	OB946225	1.12	652024742237
15559453147485	58282021093725	DP06462	1.12	652024742237
15559691501917	58283543462237	DP06495	1.12	652024742237
15559691927901	58283546083677	DP06496	1.12	652024742237
15559711392093	58283692949853	KD28285	1.1	652024742237
15559582810461	58282724819293	82822	1.1	652024742237
15559464583517	58282070638941	KD19819	1.1	652024742237
15559499284829	58282264494429	KD30036	1.1	652024742237
15559832174941	58284351816029	KD18542	1.09	652024742237
15559461831005	58282038526301	KD19493	1.08	652024742237
15559784038749	58284105957725	KD32309	1.08	652024742237
15559785578845	58284117295453	KD30080	1.08	652024742237
15559754154333	58283950834013	KD23498	1.08	652024742237
15559551877469	58282522214749	KD32441	1.08	652024742237
15559500235101	58282266984797	KD30419	1.08	652024742237
15559505019229	58282282025309	DP06289BLUE	1.08	652024742237
15559468810589	58282080305501	KD02576	1.07	652024742237
15559809532253	58284231295325	KD32679	1.07	652024742237
15559552663901	58282526409053	KD22978	1.07	652024742237
15559552401757	58282525000029	KD22973	1.07	652024742237
15559552205149	58282523951453	KD16942	1.07	652024742237
15559552631133	58282526343517	KD22979	1.07	652024742237
15559552598365	58282526212445	KD22977	1.07	652024742237
15559846756701	58284426264925	KD18299	1.07	652024742237
15559537590621	58282445373789	KD24001	1.06	652045156701
15559461994845	58282039050589	KD28306	1.06	652024742237
15559468876125	58282080371037	KD26269	1.06	652024742237
15559589953885	58282782064989	HTITP225	1.06	652024742237
15559626195293	58283042079069	KD23550	1.06	652024742237
15559626719581	58283044962653	KD23552	1.06	652024742237
15559461208413	58282037707101	DP07738	1.06	652024742237
15559535427933	58282438164829	KD17166	1.06	652024742237
15559483097437	58282150691165	KD22987	1.06	652024742237
15559548535133	58282505240925	KD14659	1.06	652024742237
15559623016797	58283022909789	KD25105	1.06	652024742237
15559591067997	58282792943965	KD34743	1.06	652024742237
15559466221917	58282073686365	KD34765	1.06	652024742237
15559466615133	58282074145117	KD34763	1.06	652024742237
15559608729949	58282924966237	KD30973	1.06	652024742237
15559485915485	58282169336157	KD29567	1.06	652024742237
15559610499421	58282938171741	DP09020	1.06	652024742237
15559801995613	58284196430173	KD10772	1.06	652024742237
15559846953309	58284426723677	KD18315	1.06	652024742237
15559504593245	58282281369949	KD11685	1.06	652024742237
15559552794973	58282527228253	KD00727	1.06	652024742237
15559468089693	58282079027549	KD34575	1.06	652024742237
15559455080797	58282024632669	DP08025	1.06	652024742237
15559535034717	58282436329821	DP07442	1.06	652024742237
15559461241181	58282037739869	DP31031	1.06	652024742237
15559455867229	58282026205533	145138	1.06	652024742237
15559676658013	58283431362909	31037	1.06	652024742237
15559580451165	58282709221725	10077	1.06	652024742237
15559455899997	58282026238301	145140	1.06	652024742237
15559631110493	58283070652765	KI4087	1.06	652024742237
15559481131357	58282133848413	351445	1.06	652024742237
15559724564829	58283779555677	DP54245 Red	1.06	652024742237
15559458292061	58282032431453	CR0529	1.06	652024742237
15559558758749	58282562715997	CR0934LIGHTPINK	1.06	652024742237
15559461732701	58282038427997	KST2024	1.06	652024742237
15559464124765	58282063102301	KD18309	1.04	652024742237
15559775027549	58284057035101	KD18294	1.04	652024742237
15559501840733	58282270785885	KD18313	1.04	652024742237
15559624196445	58283028676957	KD24044	1.04	652024742237
15559848690013	58284435571037	KD23532	1.04	652024742237
15559838531933	58284377669981	KD23522	1.04	652024742237
15559499350365	58282264559965	KD30034	1.04	652024742237
15559462158685	58282039214429	KD19901	1.03	652024742237
15559729086813	58283804688733	KD11624	1.03	652024742237
15559743570269	58283890606429	KD22126	1.03	652024742237
15559743209821	58283888869725	KD22124	1.03	652024742237
15559462486365	58282041835869	KD31641	1.03	652024742237
15559714308445	58283712807261	KD21243	1.03	652024742237
15559456031069	58282026467677	KD11346	1.03	652024742237
15559578190173	58282692313437	KD32579	1.03	652024742237
15559577993565	58282691723613	KD32577	1.03	652024742237
15559483720029	58282155966813	PI051123	1.03	652024742237
15559456883037	58282028007773	DP06345PINK	1.03	652024742237
15559501775197	58282270720349	DP11805	1.03	652024742237
15559469957469	58282081943901	KD31754	1.02	652045156701
15559597883741	58282830659933	KD24572	1.02	652024742237
15559692779869	58283552375133	KD30677	1.02	652024742237
15559692812637	58283553358173	KD30679	1.02	652024742237
15559692943709	58283554144605	KD30682	1.02	652024742237
15559808844125	58284230115677	KD23702	1.02	652024742237
15559563608413	58282586636637	KD32764	1.02	652024742237
15559597850973	58282830594397	KD24573	1.02	652024742237
15559864123741	58284514869597	KD21261	1.02	652024742237
15559705231709	58283649007965	KD20698	1.02	652024742237
15559524254045	58282376560989	KD34669	1.02	652024742237
15559530676573	58282413097309	KD34668	1.02	652024742237
15559531823453	58282418700637	KD34660	1.02	652024742237
15559577305437	58282685563229	KD32578	1.02	652024742237
15559581335901	58282713153885	KD26455	1.02	652024742237
15559605879133	58282902061405	KD16399	1.02	652024742237
15559457800541	58282030760285	DP54058	1.02	652024742237
15559504757085	58282281533789	DP06178	1.02	652024742237
15559456063837	58282026500445	PMS009140	1.02	652024742237
15559476052317	58282096820573	KD22695	1.01	652024742237
15559475954013	58282096656733	KD22696	1.01	652024742237
15559693893981	58283560730973	KD03893	1.01	652024742237
15559728660829	58283802034525	KD19081	1.01	652024742237
15559694614877	58283566137693	KD23500	1.01	652024742237
15559459111261	58282033316189	DP21063	1	652024742237
15559468384605	58282079617373	KD22155	1	652024742237
15559743078749	58283888116061	KD22123	1	652024742237
15559461863773	58282038886749	KD25557	1	652024742237
15559522517341	58282367811933	KD21233	1	652024742237
15559523008861	58282370728285	KD21227	1	652024742237
15559522681181	58282368631133	KD21226	1	652024742237
15559471595869	58282085941597	ST5096	1	652024742237
15559467860317	58282078765405	KD32894	1	652024742237
15559807467869	58284222218589	KD16192	1	652024742237
15559595163997	58282815586653	PM009084	1	652024742237
15559838597469	58284377735517	KD23523	1	652024742237
15559465075037	58282071228765	KD33495	1	652024742237
15559708016989	58283668013405	KD27208	1	652024742237
15559581434205	58282714071389	KD26460	1	652024742237
15559465337181	58282071753053	KD33483	1	652024742237
15559676068189	58283428217181	KD17445	1	652024742237
15559772799325	58284046516573	KD33501	1	652024742237
15559518781789	58282350248285	KD23596	1	652024742237
15559549616477	58282510811485	DP00186	1	652024742237
15559460651357	58282036855133	DP31042	1	652024742237
15559456391517	58282027057501	DP07440	1	652024742237
15559487979869	58282187686237	16711	1	652024742237
15559487684957	58282185621853	16698	1	652024742237
15559596409181	58282821943645	DP31041	1	652024742237
15559457538397	58282030399837	DP08049	1	652024742237
15559460684125	58282036887901	DP31043	1	652024742237
15559476117853	58282096886109	XM2027	1	652024742237
15559483523421	58282154688861	515002G	1	652024742237
15559563772253	58282587619677	PM976116Pumpkin	1	652024742237
15559862911325	58284508119389	P2375	0.98	652024742237
15559753892189	58283949719901	KD14325	0.98	652024742237
15559471464797	58282085810525	KD30058	0.98	652024742237
15559576879453	58282682679645	KD32814	0.98	652024742237
15559740686685	58283876778333	KD31426	0.98	652024742237
15559503249757	58282277503325	KD31424	0.98	652024742237
15559671415133	58283396563293	KD31422	0.98	652024742237
15559835517277	58284366266717	KD31425	0.98	652024742237
15559753695581	58283948671325	KD31419	0.98	652024742237
15559630127453	58283064983901	KD21470	0.98	652024742237
15559576977757	58282683990365	KD32582	0.98	652024742237
15559565902173	58282601382237	DP07836	0.98	652024742237
15559565738333	58282600595805	DP07835	0.98	652024742237
15559832011101	58284351553885	DP11816	0.98	652024742237
15559594639709	58282813751645	236	0.98	652024742237
15559578386781	58282693919069	KD32580	0.97	652024742237
15559454327133	58282023027037	329001	0.97	652024742237
15559454359901	58282023059805	329000	0.97	652024742237
15559784595805	58284108448093	KD32312	0.97	652024742237
15559457898845	58282030858589	KD12584	0.96	652024742237
15559455244637	58282024796509	BML73140	0.96	652024742237
15559743996253	58283892801885	KD26409	0.96	652024742237
15559706902877	58283661623645	15785	0.96	652024742237
15559625245021	58283036115293	KD13587	0.96	652024742237
15559504167261	58282280419677	KD25564	0.96	652024742237
15559468777821	58282080272733	KD27440	0.96	652024742237
15559532839261	58282424009053	KD21229	0.96	652024742237
15559706018141	58283655332189	KD16870	0.96	652024742237
15559522353501	58282367385949	KD21223	0.96	652024742237
15559533166941	58282426794333	KD34672	0.96	652024742237
15559531626845	58282417455453	KD34671	0.96	652024742237
15559519600989	58282353688925	KD22254	0.96	652024742237
15559521698141	58282364010845	KD21230	0.96	652024742237
15559523107165	58282371055965	KD03268	0.96	652024742237
15559519076701	58282351362397	KD03286	0.96	652024742237
15559531200861	58282415653213	KD03288	0.96	652024742237
15559532970333	58282424664413	KD03284	0.96	652024742237
15559476314461	58282097181021	DP54957	0.96	652024742237
15559458193757	58282032300381	54179	0.96	652024742237
15559488897373	58282192339293	KD03817	0.96	652024742237
15559705100637	58283648155997	KD03277	0.96	652024742237
15559623246173	58283024548189	KD25109	0.96	652024742237
15559461175645	58282037641565	DP07743	0.96	652024742237
15559532085597	58282419683677	KD11349	0.96	652024742237
15559487029597	58282179559773	KD16470	0.96	652024742237
15559774044509	58284051497309	KD33490	0.96	652024742237
15559773454685	58284048384349	KD33491	0.96	652024742237
15559773651293	58284049826141	KD33489	0.96	652024742237
15559773847901	58284050415965	KD33487	0.96	652024742237
15559610073437	58282935222621	737011	0.96	652024742237
15559746224477	58283905450333	KD34949	0.96	652024742237
15559552041309	58282522968413	KD19103	0.96	652024742237
15559710179677	58283682824541	KD18336	0.96	652024742237
15559791575389	58284139839837	KD29456	0.96	652024742237
15559724138845	58283776999773	KD12790	0.96	652024742237
15559729217885	58283805114717	KD13597	0.96	652024742237
15559727022429	58283793056093	KD15728	0.96	652024742237
15559467893085	58282078798173	KD34579	0.96	652024742237
15559466647901	58282074177885	KD34859	0.96	652024742237
15559550206301	58282513367389	KD23238	0.96	652024742237
15559471202653	58282085548381	KD21404	0.96	652024742237
15559471038813	58282085384541	KD23984	0.96	652024742237
15559504363869	58282280878429	KD17927	0.96	652024742237
15559468417373	58282079650141	KD29864	0.96	652024742237
15559607353693	58282913366365	KD32384	0.96	652024742237
15559461372253	58282037903709	KD00797	0.96	652024742237
15559453540701	58282021912925	XM2028	0.96	652024742237
15559548404061	58282504552797	DP07323BLUE	0.96	652024742237
15559673610589	58283412029789	HH5548_4	0.96	652024742237
15559457472861	58282030334301	DP07444	0.96	652024742237
15559688716637	58283523899741	DP31032	0.96	652024742237
15559746322781	58283905745245	DP54245 Silver	0.96	652024742237
15559454490973	58282023223645	DP07435	0.96	652024742237
15559461110109	58282037543261	DP07437	0.96	652024742237
15559688946013	58283526947165	DP31033	0.96	652024742237
15559454392669	58282023125341	DP07445	0.96	652024742237
15559461142877	58282037608797	DP07739	0.96	652024742237
15559564656989	58282593583453	PS451667	0.96	652024742237
15559458259293	58282032398685	181049	0.96	652024742237
15559549419869	58282509664605	31010	0.96	652024742237
15559831781725	58284350308701	DP00615	0.96	652024742237
15559746355549	58283905778013	PM551129	0.96	652024742237
15559501906269	58282271080797	XM1850	0.96	652024742237
15559552106845	58282523394397	939030	0.96	652024742237
15559481360733	58282135814493	551766RED	0.96	652024742237
15559502070109	58282271408477	PI524001	0.96	652024742237
15559457014109	58282028171613	XMN0059	0.96	652024742237
15559475659101	58282096099677	950051	0.96	652024742237
15559742619997	58283886772573	KD17800	0.96	652024742237
15559461929309	58282038985053	W88207SANTA	0.96	652024742237
15559476576605	58282098327901	551802	0.96	652024742237
15559476511069	58282098000221	Z98716REN	0.96	652024742237
15559476642141	58282098393437	PI551800	0.96	652024742237
15559454261597	58282022928733	551972	0.96	652024742237
15559467663709	58282078470493	DP06352	0.96	652024742237
15559459045725	58282033250653	XPCL	0.96	652024742237
15559459012957	58282033217885	DP06325	0.96	652024742237
15559460585821	58282036756829	DP06387	0.96	652024742237
15559466418525	58282073948509	DP06358	0.96	652024742237
15559455408477	58282024993117	G26031	0.96	652024742237
15559458619741	58282032759133	KD12799	0.96	652024742237
15559473627485	58282090299741	KD26077	0.96	652024742237
15559458652509	58282032791901	KD12797	0.96	652024742237
15559466123613	58282073588061	KD26079	0.96	652024742237
15559458324829	58282032464221	CR0577	0.96	652024742237
15559473693021	58282091118941	KD26078	0.96	652024742237
15559501513053	58282269868381	801738	0.96	652024742237
15559672856925	58283407114589	803688	0.96	652024742237
15559789248861	58284130435421	263	0.96	652024742237
15559536017757	58282441539933	KD24009	0.94	652045156701
15559535821149	58282440360285	KD24010	0.94	652045156701
15559455441245	58282025025885	805101	0.94	652024742237
15559757889885	58283969675613	PI451910R	0.94	652024742237
15559651164509	58283243438429	150166	0.94	652024742237
15559471333725	58282085679453	BW62068	0.94	652024742237
15559835648349	58284366889309	KD32116	0.94	652024742237
15559456588125	58282027581789	DP31047	0.94	652024742237
15559457505629	58282030367069	DP08050	0.94	652024742237
15559847215453	58284429476189	KD20732	0.94	652024742237
15559693599069	58283558699357	KD03901	0.94	652024742237
15559693402461	58283557454173	KD03897	0.94	652024742237
15559597687133	58282829414749	KD24571	0.94	652024742237
15559786496349	58284122210653	KD19094	0.94	652024742237
15559582089565	58282718757213	KD26481	0.94	652024742237
15559582024029	58282717282653	KD26462	0.94	652024742237
15559625900381	58283039162717	KD16733	0.94	652024742237
15559786103133	58284120834397	KD28468	0.94	652024742237
15559468613981	58282079912285	KD26271	0.94	652024742237
15559760216413	58283982192989	KD29836	0.94	652024742237
15559460880733	58282037281117	DP54765	0.94	652024742237
15559504789853	58282281599325	KD30022	0.94	652024742237
15559630029149	58283064721757	KD11628	0.94	652024742237
15559579500893	58282704863581	DP00618	0.94	652024742237
15559454654813	58282023420253	736099	0.94	652024742237
15559560397149	58282569433437	DP06288YELLOW	0.94	652024742237
15559560298845	58282569138525	DP06288WHITE	0.94	652024742237
15559774503261	58284054217053	KD33382	0.92	652024742237
15559809139037	58284230508893	KD23494	0.92	652024742237
15559466189149	58282073653597	KD32829	0.92	652024742237
15559566852445	58282607313245	KD32584	0.92	652024742237
15559473398109	58282090070365	KD13957	0.92	652024742237
15559740031325	58283873370461	KD18444	0.92	652024742237
15559471235421	58282085581149	KD23982	0.92	652024742237
15559470776669	58282085024093	KD23983	0.92	652024742237
15559482212701	58282143088989	KD16714	0.92	652024742237
15559614759261	58282957341021	KD20404	0.92	652024742237
15559461634397	58282038329693	KD12222	0.92	652024742237
15559804223837	58284205506909	KD25090	0.92	652024742237
15559614464349	58282955669853	KD25118	0.92	652024742237
15559613907293	58282952065373	KD25110	0.92	652024742237
15559774699869	58284055429469	T1155	0.92	652024742237
15559614103901	58282953507165	KD25111	0.92	652024742237
15559756382557	58283962073437	KD29737	0.92	652024742237
15559613120861	58282948526429	KD29760	0.92	652024742237
15559772766557	58284046483805	KD33500	0.92	652024742237
15559773127005	58284047466845	KD33504	0.92	652024742237
15559772864861	58284046778717	KD33502	0.92	652024742237
15559614333277	58282954817885	KD25070	0.92	652024742237
15559472578909	58282088431965	KD33478	0.92	652024742237
15559595000157	58282814964061	239	0.92	652024742237
15559654375773	58283264508253	KD00735	0.92	652024742237
15559831978333	58284351521117	DP00619	0.92	652024742237
15559790854493	58284137742685	SNKU	0.92	652024742237
15559724761437	58283780702557	OB621052	0.92	652024742237
15559467172189	58282077847901	DP07171	0.92	652024742237
15559460847965	58282037248349	BCAD	0.92	652024742237
15559456751965	58282027843933	DP53811	0.92	652024742237
15559457636701	58282030530909	251519	0.92	652024742237
15559475593565	58282096001373	551703	0.92	652024742237
15559466549597	58282074079581	DP06396	0.92	652024742237
15559688028509	58283518853469	DP06426_PINK	0.92	652024742237
15559564034397	58282588733789	PM976014	0.92	652024742237
15559855472989	58284467880285	P2540	0.92	652024742237
15559482311005	58282145382749	XSBX	0.92	652024742237
15559805665629	58284213928285	KD30609	0.92	652024742237
15559465959773	58282073162077	HCCC	0.9	652024742237
15559537852765	58282446160221	KD12582	0.9	652024742237
15559475888477	58282096558429	KD17108	0.9	652024742237
15559669285213	58283383882077	KD12100	0.9	652024742237
15559790002525	58284134465885	KD25583	0.9	652024742237
15559470580061	58282082697565	KD17792	0.9	652024742237
15559808549213	58284228182365	KD33044	0.9	652024742237
15559783154013	58284100878685	KD22376	0.9	652024742237
15559660470621	58283308548445	KD14489	0.9	652024742237
15559791837533	58284140822877	KD21262	0.9	652024742237
15559609483613	58282930438493	KD19178	0.9	652024742237
15559583367517	58282727375197	KD19181	0.9	652024742237
15559453376861	58282021388637	DGI0867	0.9	652024742237
15559462256989	58282039312733	KD22519	0.9	652024742237
15559456620893	58282027680093	KD22819	0.9	652024742237
15559708148061	58283668504925	KD16345	0.9	652024742237
15559807304029	58284221432157	KD03266	0.9	652024742237
15559545848157	58282492625245	9913	0.9	652024742237
15559471792477	58282086400349	KD11641	0.9	652024742237
15559465369949	58282071818589	KD33498	0.9	652024742237
15559500595549	58282267935069	KD14910	0.9	652024742237
15559465173341	58282071392605	KD33493	0.9	652024742237
15559465271645	58282071490909	KD33497	0.9	652024742237
15559594803549	58282813981021	261	0.9	652024742237
15559808221533	58284226740573	KD26597	0.9	652024742237
15559470743901	58282084991325	KD21402	0.9	652024742237
15559597064541	58282826006877	KD32450	0.9	652024742237
15559596867933	58282824728925	KD24558	0.9	652024742237
15559692157277	58283547754845	BE0003	0.9	652024742237
15559651459421	58283244454237	KD11640	0.9	652024742237
15559567081821	58282610229597	KD32568	0.9	652024742237
15559489225053	58282194272605	KD14642	0.9	652024742237
15559850852701	58284446482781	KD13131	0.9	652024742237
15559500267869	58282267017565	KD30418	0.9	652024742237
15559471726941	58282086302045	181046	0.9	652024742237
15559463960925	58282059366749	KD31391	0.89	652024742237
15559579697501	58282706207069	737010	0.89	652024742237
15559831191901	58284346507613	KD29446	0.89	652024742237
15559630324061	58283066163549	OL311089	0.89	652024742237
15559459176797	58282033381725	DP53672	0.89	652024742237
15559465435485	58282071916893	KD33492	0.89	652024742237
15559453213021	58282021159261	KD11341	0.89	652024742237
15559453180253	58282021126493	KD11342	0.89	652024742237
15559745732957	58283903189341	KD25668	0.89	652024742237
15559467729245	58282078568797	KD34574	0.89	652024742237
15559467794781	58282078699869	KD34577	0.89	652024742237
15559725318493	58283784339805	KD31322	0.89	652024742237
15559855702365	58284469322077	P2553	0.89	652024742237
15559501644125	58282270196061	DP54188	0.89	652024742237
15559483916637	58282157801821	TARU	0.89	652024742237
15559460716893	58282036920669	DP06326	0.89	652024742237
15559671054685	58283394531677	KD12435	0.86	652024742237
15559461798237	58282038493533	KD26801	0.86	652024742237
15559471169885	58282085515613	KD23986	0.86	652024742237
15559583072605	58282725736797	KD21408	0.86	652024742237
15559838335325	58284377047389	KD23530	0.86	652024742237
15559726301533	58283788829021	KD16413	0.86	652024742237
15559456096605	58282026565981	DGI0442	0.86	652024742237
15559461896541	58282038919517	KD26784	0.86	652024742237
15559459340637	58282033709405	DGI0711A	0.86	652024742237
15559455703389	58282026008925	DP11773	0.86	652024742237
15559458685277	58282032824669	KD18481	0.86	652024742237
15559504134493	58282280386909	KD17367	0.86	652024742237
15559622263133	58283020386653	T4670	0.86	652024742237
15559622459741	58283020976477	4672	0.86	652024742237
15559622164829	58283018977629	5928	0.86	652024742237
15559611351389	58282944037213	KD22881	0.86	652024742237
15559757300061	58283966234973	KD24502	0.86	652024742237
15559611187549	58282942857565	KD18674	0.86	652024742237
15559465009501	58282071195997	KD29756	0.86	652024742237
15559611777373	58282945904989	KD34814	0.86	652024742237
15559612301661	58282947182941	KD26437	0.86	652024742237
15559672758621	58283406819677	P2347	0.86	652024742237
15559611318621	58282943512925	6340	0.86	652024742237
15559612694877	58282947969373	KD29757	0.86	652024742237
15559612432733	58282947412317	KD34813	0.86	652024742237
15559612957021	58282948264285	KD29758	0.86	652024742237
15559805403485	58284212388189	KD24459	0.86	652024742237
15559612137821	58282946986333	T5095	0.86	652024742237
15559465304413	58282071556445	KD33494	0.86	652024742237
15559787381085	58284123980125	KD33455	0.86	652024742237
15559470973277	58282085319005	KD23985	0.86	652024742237
15559783350621	58284102025565	KD29640	0.86	652024742237
15559472808285	58282089480541	KD25218	0.86	652024742237
15559686455645	58283507581277	KD18796	0.86	652024742237
15559505051997	58282282058077	KD13183	0.86	652024742237
15559740490077	58283875991901	KD18443	0.86	652024742237
15559471497565	58282085843293	KD30605	0.86	652024742237
15559565017437	58282595975517	KD34860	0.86	652024742237
15559470809437	58282085122397	KD16836	0.86	652024742237
15559504920925	58282281927005	KD16787	0.86	652024742237
15559582482781	58282721509725	KD02621	0.86	652024742237
15559457603933	58282030498141	TRTT	0.86	652024742237
15559695073629	58283569086813	54398	0.86	652024742237
15559455375709	58282024927581	53679	0.86	652024742237
15559459144029	58282033348957	DP11274	0.86	652024742237
15559627669853	58283050467677	IPSTY2NK	0.86	652024742237
15559512818013	58282322264413	KD13887	0.86	652024742237
15559518224733	58282347921757	225	0.86	652024742237
15559670563165	58283391844701	KD13255	0.85	652024742237
15559567409501	58282612556125	KD32589	0.85	652024742237
15559577141597	58282684678493	KD32571	0.85	652024742237
15559806746973	58284219335005	KD31306	0.85	652024742237
15559712244061	58283698913629	DGI1993	0.85	652024742237
15559595295069	58282816110941	PMS009212	0.85	652024742237
15559669350749	58283384504669	55031	0.85	652024742237
15559534543197	58282432954717	KD24137	0.85	652024742237
15559488078173	58282188505437	KD03825	0.85	652024742237
15559689437533	58283531207005	12648_50	0.84	652024742237
15559693140317	58283555422557	KD24804	0.84	652024742237
15559806878045	58284219826525	KD30816	0.84	652024742237
15559500824925	58282268295517	KD30598	0.84	652024742237
15559476281693	58282097115485	KD22839	0.84	652024742237
15559744192861	58283893752157	KD26415	0.84	652024742237
15559461536093	58282038100317	P1024	0.84	652024742237
15559655653725	58283274928477	KD20169	0.84	652024742237
15559500693853	58282268164445	KD30599	0.84	652024742237
15559767523677	58284024004957	KD26644	0.84	652024742237
15559806452061	58284217729373	KD27852	0.84	652024742237
15559500530013	58282267672925	KD30840	0.84	652024742237
15559461601629	58282038198621	KD29476	0.84	652024742237
15559695663453	58283573084509	KD29649	0.84	652024742237
15559452688733	58282020503901	BO102	0.84	652024742237
15559452721501	58282020536669	BO150	0.84	652024742237
15559461503325	58282038034781	DP53762	0.84	652024742237
15559756284253	58283961549149	KD32252	0.84	652024742237
15559755989341	58283959714141	KD30537	0.84	652024742237
15559755563357	58283957518685	KD30538	0.84	652024742237
15559501087069	58282268852573	KD32253	0.84	652024742237
15559597359453	58282827612509	KD18327	0.83	652024742237
15559786824029	58284122866013	KD19099	0.83	652024742237
15559537688925	58282445898077	82821	0.83	652024742237
15559475986781	58282096722269	KD22698	0.83	652024742237
15559789674845	58284133187933	P2489	0.83	652024742237
15559791214941	58284139020637	KD33456	0.83	652024742237
15559564788061	58282593812829	KD16771	0.83	652024742237
15559476478301	58282097934685	14544	0.83	652024742237
15559459275101	58282033643869	505005	0.83	652024742237
15559484014941	58282158424413	KD25469	0.82	652024742237
15559484211549	58282159767901	KD25468	0.82	652024742237
15559471530333	58282085876061	KD19885	0.82	652024742237
15559787282781	58284123783517	KD19097	0.82	652024742237
15559468843357	58282080338269	KD26270	0.82	652024742237
15559670268253	58283388993885	KD20831	0.82	652024742237
15559669711197	58283386962269	KD20844	0.82	652024742237
15559669875037	58283387093341	KD20845	0.82	652024742237
15559723680093	58283772772701	P1022	0.82	652024742237
15559462224221	58282039279965	KD31395	0.82	652024742237
15559456784733	58282027909469	KD12225	0.82	652024742237
15559810253149	58284234015069	KD03519	0.82	652024742237
15559708213597	58283668799837	KD16346	0.82	652024742237
15559746126173	58283905155421	KD32877	0.82	652024742237
15559746257245	58283905483101	KD32891	0.82	652024742237
15559609254237	58282929389917	KD24213	0.82	652024742237
15559458980189	58282033185117	KD15749	0.82	652024742237
15559455211869	58282024763741	KD14031	0.82	652024742237
15559536312669	58282442064221	KD16805	0.82	652024742237
15559536214365	58282441900381	KD16808	0.82	652024742237
15559537426781	58282444587357	KD16807	0.82	652024742237
15559466385757	58282073915741	KD21432	0.82	652024742237
15559862059357	58284504023389	KD19489	0.8	652024742237
15559705461085	58283651170653	KD33789	0.8	652024742237
15559455310173	58282024862045	KD12512	0.8	652024742237
15559487586653	58282184212829	KD29482	0.8	652024742237
15559462388061	58282041737565	KD34760	0.8	652024742237
15559589396829	58282778460509	1370316	0.8	652024742237
15559740424541	58283875729757	KD16567	0.8	652024742237
15559548961117	58282507829597	53325	0.8	652024742237
15559559086429	58282564288861	DP06259	0.8	652024742237
15559483425117	58282153574749	TKID	0.8	652024742237
15559458357597	58282032496989	EW19443	0.8	652024742237
15559802192221	58284197740893	KD20932	0.79	652024742237
15559805075805	58284210258269	KD24460	0.79	652024742237
15559806058845	58284216025437	KD30597	0.79	652024742237
15559694287197	58283562729821	KD27461	0.79	652024742237
15559693336925	58283557192029	KD03877	0.79	652024742237
15559693730141	58283559420253	KD03880	0.79	652024742237
15559687143773	58283512955229	KD17332	0.79	652024742237
15559802552669	58284198920541	P2090	0.79	652024742237
15559488700765	58282191323485	KD03821	0.79	652024742237
15559674003805	58283414028637	3248	0.79	652024742237
15559803011421	58284201738589	KD20927	0.79	652024742237
15559803076957	58284201771357	KD20926	0.79	652024742237
15559803240797	58284202557789	KD20924	0.79	652024742237
15559803470173	58284203016541	KD20923	0.79	652024742237
15559673348445	58283410358621	P1001	0.79	652024742237
15559803732317	58284203704669	KD20921	0.79	652024742237
15559803634013	58284203344221	KD20919	0.79	652024742237
15559803863389	58284203999581	KD20922	0.79	652024742237
15559803404637	58284202951005	KD20925	0.79	652024742237
15559514816861	58282331439453	KD20574	0.79	652024742237
15559767884125	58284026364253	KD24505	0.79	652024742237
15559757398365	58283966857565	KD24503	0.79	652024742237
15559767687517	58284025446749	KD24507	0.79	652024742237
15559769358685	58284030361949	KD24501	0.79	652024742237
15559514489181	58282329571677	KD20572	0.79	652024742237
15559769227613	58284029837661	KD30826	0.79	652024742237
15559769522525	58284030689629	KD26643	0.79	652024742237
15559768080733	58284026954077	KD30824	0.79	652024742237
15559769063773	58284029083997	KD30831	0.79	652024742237
15559757201757	58283965972829	KD30836	0.79	652024742237
15559654506845	58283265786205	KD29217	0.79	652024742237
15559500890461	58282268361053	KD30603	0.79	652024742237
15559653851485	58283260739933	P2591	0.79	652024742237
15559803568477	58284203311453	KD20920	0.79	652024742237
15559802782045	58284200591709	KD20918	0.79	652024742237
15559804485981	58284205932893	KD27853	0.79	652024742237
15559500923229	58282268393821	KD30601	0.79	652024742237
15559768867165	58284028264797	KD34473	0.79	652024742237
15559804846429	58284209144157	KD28110	0.79	652024742237
15559476347229	58282097213789	KD23154	0.78	652024742237
15559476412765	58282097312093	KD23158	0.78	652024742237
15559743734109	58283891556701	KD31498	0.78	652024742237
15559461011805	58282037412189	KD11344	0.78	652024742237
15559564231005	58282590077277	KD32766	0.78	652024742237
15559582351709	58282720821597	KD27480	0.78	652024742237
15559787184477	58284123685213	KD26887	0.78	652024742237
15559482605917	58282146365789	KD12507	0.78	652024742237
15559475298653	58282095182173	KD12508	0.78	652024742237
15559516848477	58282341794141	KD20322	0.77	652045156701
15559674331485	58283417043293	173034	0.77	652024742237
15559853179229	58284456673629	KD29726	0.77	652024742237
15559607550301	58282917429597	KD34764	0.77	652024742237
15559607746909	58282918445405	KD32391	0.77	652024742237
15559608172893	58282921427293	KD29228	0.77	652024742237
15559456325981	58282026795357	511036	0.77	652024742237
15559652606301	58283249434973	OB632689	0.77	652024742237
15559468122461	58282079093085	2341	0.77	652024742237
15559504265565	58282280550749	DP06349	0.77	652024742237
15559792591197	58284145443165	704703	0.76	652024742237
15559728202077	58283799773533	M0932	0.76	652024742237
15559807107421	58284221038941	KD15238	0.76	652045418845
15559505150301	58282282549597	KD11691	0.76	652024742237
15559862845789	58284508053853	KD31390	0.76	652024742237
15559523500381	58282372956509	KD03291	0.76	652024742237
15559455113565	58282024665437	KD12437	0.76	652024742237
15559705297245	58283650220381	KD22719	0.76	652024742237
15559830798685	58284344607069	KD22720	0.76	652024742237
15559531037021	58282414670173	KD29639	0.76	652024742237
15559501480285	58282269835613	KD16194	0.76	652024742237
15559627899229	58283051647325	KD13201	0.76	652024742237
15559687340381	58283514134877	EW19398	0.76	652024742237
15559614595421	58282956521821	T9191	0.76	652024742237
15559676526941	58283430379869	KD19035	0.76	652024742237
15559672922461	58283407376733	KD13137	0.74	652024742237
15559470481757	58282082599261	53323	0.74	652024742237
15559482376541	58282145448285	XTHK	0.74	652024742237
15559461437789	58282037936477	DP53326Pink	0.74	652024742237
15559489356125	58282194895197	XSLE	0.74	652024742237
15559757660509	58283968463197	GSPC	0.74	652024742237
15559785218397	58284112511325	KD32306	0.73	652024742237
15559660667229	58283311726941	KD24047	0.73	652024742237
15559740981597	58283878482269	KD15354	0.73	652024742237
15559512588637	58282321183069	KD14112	0.73	652024742237
15559460553053	58282036724061	XTRV	0.73	652024742237
15559455834461	58282026139997	X18321	0.73	652024742237
15559505215837	58282282615133	EW19410	0.73	652024742237
15559460749661	58282037117277	EW19359	0.73	652024742237
15559459078493	58282033283421	EW19314	0.73	652024742237
15559672234333	58283401937245	OSG0001B	0.73	652024742237
15559461568861	58282038133085	KD29971	0.72	652045156701
15559476674909	58282098426205	KD16691	0.72	652024742237
15559461765469	58282038460765	KD22383	0.72	652024742237
15559531757917	58282418405725	KD34667	0.72	652024742237
15559466484061	58282074014045	KD22393	0.72	652024742237
15559774732637	58284055495005	T5932	0.72	652024742237
15559534281053	58282431840605	KD29264	0.72	652024742237
15559655358813	58283272634717	KD00795	0.72	652024742237
15559475364189	58282095247709	KD12510	0.72	652024742237
15559551058269	58282518446429	KD28249	0.72	652024742237
15559538016605	58282446520669	KD12583	0.71	652024742237
15559744651613	58283896602973	KD26417	0.71	652024742237
15559704904029	58283647172957	KD24262	0.71	652024742237
15559760445789	58283983208797	KD32900	0.71	652024742237
15559729021277	58283804197213	KD22464	0.71	652024742237
15559837712733	58284375703901	KD26762	0.71	652024742237
15559832797533	58284353651037	KD16939	0.71	652024742237
15559500300637	58282267410781	KD30417	0.71	652024742237
15559807205725	58284221333853	KD15239	0.7	652045418845
15559807271261	58284221399389	KD15240	0.7	652045418845
15559534444893	58282432463197	KD21481	0.7	652045156701
15559807140189	58284221071709	KD15237	0.7	652045418845
15559470711133	58282084663645	KD17822	0.7	652024742237
15559458750813	58282032890205	12665	0.7	652024742237
15559835484509	58284366233949	KD14032	0.7	652024742237
15559513080157	58282323214685	KD16710	0.7	652024742237
15559625081181	58283034935645	KD17044	0.7	652024742237
15559504822621	58282281632093	KD19336	0.68	652024742237
15559455179101	58282024730973	KD13268	0.68	652024742237
15559790461277	58284136497501	KD15087	0.68	652024742237
15559727546717	58283795939677	KD11445	0.68	652024742237
15559455146333	58282024698205	KD13257	0.68	652024742237
15559455965533	58282026402141	KD13252	0.68	652024742237
15559473332573	58282090004829	KD10574	0.67	652024742237
15559504298333	58282280812893	KD17926	0.67	652024742237
15559674626397	58283419631965	KD17925	0.67	652024742237
15559625408861	58283036770653	KD22465	0.67	652024742237
15559560560989	58282569957725	KD13660	0.67	652024742237
15559689896285	58283533435229	OB632338	0.67	652024742237
15559472349533	58282088104285	KD13291	0.66	652024742237
15559472611677	58282088464733	KD10097	0.66	652024742237
15559714046301	58283711234397	KD03293	0.66	652024742237
15559714177373	58283712282973	KD03294	0.66	652024742237
15559628259677	58283053777245	KD19914	0.66	652024742237
15559788953949	58284128469341	TY4720T	0.66	652024742237
15559783612765	58284103532893	KD20190	0.65	652024742237
15559623278941	58283024580957	KD25112	0.65	652024742237
15559549190493	58282508747101	11414	0.65	652024742237
15559689208157	58283529142621	471059	0.65	652024742237
15559476379997	58282097246557	KD20178	0.64	652024742237
15559467270493	58282077978973	KD30480	0.64	652024742237
15559862714717	58284507267421	795019	0.64	652024742237
15559501676893	58282270228829	F701939	0.64	652024742237
15559475167581	58282094985565	KD13262	0.61	652024742237
15559759921501	58283980718429	KD29833	0.61	652024742237
15559760085341	58283981472093	KD29834	0.61	652024742237
15559499055453	58282263839069	KD32327	0.61	652024742237
15559458488669	58282032595293	TRDD	0.61	652024742237
15559475265885	58282095149405	THCT_GOLD	0.6	652024742237
15559622590813	58283021828445	4056	0.6	652024742237
15559564362077	58282590437725	KD32767	0.6	652024742237
15559622852957	58283022221661	KD29763	0.6	652024742237
15559611056477	58282942234973	TA8000	0.6	652024742237
15559727219037	58283794006365	KD11543	0.6	652024742237
15559467630941	58282078437725	KD34548	0.58	652024742237
15559453573469	58282021945693	KD13160	0.58	652024742237
15559452819805	58282020667741	KD15089	0.58	652024742237
15559713358173	58283707400541	KD15245	0.58	652024742237
15559713587549	58283708252509	KD18324	0.58	652024742237
15559552926045	58282527883613	KD11605	0.58	652024742237
15559723057501	58283769200989	KD14964	0.58	652024742237
15559624524125	58283030774109	KD33462	0.58	652024742237
15559466746205	58282074276189	KD30481	0.58	652024742237
15559853605213	58284457918813	KD29729	0.58	652024742237
15559725089117	58283782930781	KD31312	0.58	652024742237
15559863927133	58284513952093	BU1140	0.58	652024742237
15559707984221	58283667980637	KD27678	0.58	652024742237
15559558693213	58282562650461	KD11533	0.58	652024742237
15559460979037	58282037379421	201277	0.58	652024742237
15559471563101	58282085908829	5792	0.58	652024742237
15559501709661	58282270490973	PL150174	0.58	652024742237
15559453049181	58282020962653	5789	0.58	652024742237
15559459307869	58282033676637	KD10151	0.58	652024742237
15559846494557	58284425216349	ASTM	0.57	652024742237
15559470416221	58282082468189	BU1061	0.56	652024742237
15559849935197	58284441633117	KD20465	0.55	652024742237
15559759298909	58283977310557	PL390127	0.54	652024742237
15559833715037	58284356960605	X10167SNFL	0.54	652024742237
15559455768925	58282026074461	KD13251	0.54	652024742237
15559563379037	58282585588061	KD32762	0.54	652024742237
15559862813021	58284508021085	KD15088	0.54	652024742237
15559722533213	58283763695965	KD14983	0.54	652024742237
15559476248925	58282097082717	KD18486	0.54	652024742237
15559501545821	58282269901149	X13836	0.54	652024742237
15559689765213	58283532910941	335910	0.54	652024742237
15559461077341	58282037510493	396142	0.54	652024742237
15559501578589	58282270130525	KD13372	0.54	652024742237
15559550959965	58282518020445	X18414	0.54	652024742237
15559473496413	58282090168669	150168	0.54	652024742237
15559709327709	58283674075485	PL150162	0.54	652024742237
15559688421725	58283521245533	150179	0.54	652024742237
15559686685021	58283509645661	150135	0.54	652024742237
15559503315293	58282278781277	150177	0.54	652024742237
15559739965789	58283873108317	F801721	0.54	652024742237
15559456457053	58282027188573	P096047	0.54	652024742237
15559460782429	58282037150045	P096039	0.54	652024742237
15559455801693	58282026107229	18258	0.52	652024742237
15559545651549	58282491642205	5791	0.52	652024742237
15559670071645	58283388371293	KD18426	0.5	652024742237
15559676854621	58283431690589	KD11571	0.5	652024742237
15559685669213	58283502829917	795042	0.5	652024742237
15559456981341	58282028138845	16134	0.5	652024742237
15559482671453	58282147643741	14526GREEN	0.5	652024742237
15559727907165	58283798069597	M0673	0.49	652024742237
15559550370141	58282514383197	KD23335	0.48	652024742237
15559714439517	58283714314589	KD22463	0.48	652024742237
15559741800797	58283883430237	CR0298HEART	0.48	652024742237
15559560069469	58282567893341	CH355	0.48	652024742237
15559462355293	58282039411037	SW1660	0.48	652024742237
15559476707677	58282098491741	KCBT	0.48	652024742237
15559472152925	58282087842141	PR0007202	0.48	652024742237
15559685800285	58283502993757	KD14138	0.47	652024742237
15559596769629	58282824335709	KD32451	0.46	652024742237
15559831650653	58284349587805	KD12876	0.46	652024742237
15559669612893	58283386143069	KD34533	0.46	652024742237
15559458029917	58282030989661	KD34532	0.46	652024742237
15559453671773	58282022076765	14586	0.46	652024742237
15559453704541	58282022142301	13875	0.46	652024742237
15559629308253	58283060986205	11493	0.46	652024742237
15559453507933	58282021880157	BU1092	0.45	652024742237
15559832568157	58284352569693	71490	0.45	652024742237
15559714537821	58283715658077	KD17988	0.43	652024742237
15559746486621	58283906105693	GB4208SILVER	0.42	652024742237
15559561412957	58282575233373	GB4208GOLD	0.42	652024742237
15559457440093	58282030301533	X16119	0.42	652024742237
15559454425437	58282023158109	DP07441	0.42	652024742237
