productid	company_id	rank
15391228723549	661814083933	0
15391224332637	661814083933	1
15391225151837	661814083933	2
15391252873565	661814083933	3
15391227478365	661814083933	4
15391240225117	661814083933	5
15391232196957	661814083933	6
15391228526941	661814083933	7
15391236489565	661814083933	8
15391237996893	661814083933	9
15391224562013	661814083933	10
15391254348125	661814083933	11
15391226593629	661814083933	12
15391244583261	661814083933	13
15391234392413	661814083933	14
15391237308765	661814083933	15
15391238947165	661814083933	16
15391243829597	661814083933	17
15391230067037	661814083933	18
15391253266781	661814083933	19
15391253168477	661814083933	20
15391228395869	661814083933	21
15391237603677	661814083933	22
15391251890525	661814083933	23
15391230165341	661814083933	24
15391223152989	661814083933	25
15391239340381	661814083933	26
15391254643037	661814083933	27
15391240716637	661814083933	28
15391229051229	661814083933	29
15391222399325	661814083933	30
15391247696221	661814083933	31
15391234425181	661814083933	32
15391239111005	661814083933	33
15391230820701	661814083933	34
15391231639901	661814083933	35
15391224037725	661814083933	36
15391238324573	661814083933	37
15391226167645	661814083933	38
15391232524637	661814083933	39
15391235473757	661814083933	40
15391229378909	661814083933	41
15391248089437	661814083933	42
15391227806045	661814083933	43
15391244386653	661814083933	44
15391239766365	661814083933	45
15391250383197	661814083933	46
15391238717789	661814083933	47
15391237669213	661814083933	48
15391230329181	661814083933	49
15391245697373	661814083933	50
15391247040861	661814083933	51
15391246352733	661814083933	52
15391254217053	661814083933	53
15391232295261	661814083933	54
15391226134877	661814083933	55
15391222071645	661814083933	56
15391231377757	661814083933	57
15391236718941	661814083933	58
15391246156125	661814083933	59
15391234163037	661814083933	60
15391254380893	661814083933	61
15391222890845	661814083933	62
15391232164189	661814083933	63
15391233802589	661814083933	64
15391222464861	661814083933	65
15391247270237	661814083933	66
15391226233181	661814083933	67
15391247958365	661814083933	68
15391231246685	661814083933	69
15391248810333	661814083933	70
15391233933661	661814083933	71
15391247860061	661814083933	72
15391233311069	661814083933	73
15391233999197	661814083933	74
15391227347293	661814083933	75
15391233147229	661814083933	76
15391234949469	661814083933	77
15391223677277	661814083933	78
15391234261341	661814083933	79
15391230656861	661814083933	80
15391224660317	661814083933	81
15391244779869	661814083933	82
15391222137181	661814083933	83
15391222301021	661814083933	84
15391234851165	661814083933	85
15391231738205	661814083933	86
15391243436381	661814083933	87
15391244648797	661814083933	88
15391224824157	661814083933	89
15391238062429	661814083933	90
15391253365085	661814083933	91
15391282659677	661816934749	0
15391282331997	661816934749	1
15391282495837	661816934749	2
15391282594141	661816934749	3
15391282430301	661816934749	4
15401590161757	661817262429	0
15404286378333	661820801373	0
15391296061789	661816967517	0
15391294685533	661816967517	1
15391295734109	661816967517	2
15391295111517	661816967517	3
15391287509341	661816967517	4
15391290818909	661816967517	5
15391294914909	661816967517	6
15391293505885	661816967517	7
15391293047133	661816967517	8
15391291638109	661816967517	9
15391294587229	661816967517	10
15391290982749	661816967517	11
15391294423389	661816967517	12
15391294030173	661816967517	13
15391293374813	661816967517	14
15391291408733	661816967517	15
15391293931869	661816967517	16
15391292653917	661816967517	17
15391293407581	661816967517	18
15391294849373	661816967517	19
15391294095709	661816967517	20
15391292293469	661816967517	21
15391295242589	661816967517	22
15391295668573	661816967517	23
15391291539805	661816967517	24
15391292850525	661816967517	25
15391291081053	661816967517	26
15391291867485	661816967517	27
15391295930717	661816967517	28
15391290130781	661816967517	29
15391295373661	661816967517	30
15391291801949	661816967517	31
15391291212125	661816967517	32
15391293702493	661816967517	33
15391293768029	661816967517	34
15391290556765	661816967517	35
15391295570269	661816967517	36
15391291244893	661816967517	37
15391293178205	661816967517	38
15391292588381	661816967517	39
15391295537501	661816967517	40
15391292391773	661816967517	41
15391290392925	661816967517	42
15391292031325	661816967517	43
15391293538653	661816967517	44
15391290720605	661816967517	45
15391290523997	661816967517	46
15391293145437	661816967517	47
15391292784989	661816967517	48
15391286624605	661816967517	49
15391295439197	661816967517	50
15391295832413	661816967517	51
15391295013213	661816967517	52
15391292195165	661816967517	53
15391292457309	661816967517	54
15391287673181	661816967517	55
15391289966941	661816967517	56
15391290294621	661816967517	57
15391290032477	661816967517	58
15391287607645	661816967517	59
15391286690141	661816967517	60
15391289835869	661816967517	61
15391287411037	661816967517	62
15391286952285	661816967517	63
15391287017821	661816967517	64
15391286886749	661816967517	65
15391287148893	661816967517	66
15391287247197	661816967517	67
15391287279965	661816967517	68
15391287837021	661816967517	69
15391289737565	661816967517	70
15391287771485	661816967517	71
