product_id	variant_id	sku	price	collectionId
15371414765917	57456144023901	59631	0.50	652024742237
15371413750109	57456141074781	KD15441	9.23	652024742237
15371416109405	57456149299549	KD18127	4.02	652024742237
15371417026909	57456151363933	KD18128	5.63	652024742237
15371415388509	57456145727837	KD18129	12.95	652024742237
15371417125213	57456151462237	KD18130	2.82	652024742237
15371415945565	57456149135709	KD18132	1.43	652024742237
15371416666461	57456150774109	KD18133	1.07	652024742237
15371416764765	57456151003485	KD18134	2.87	652024742237
15371417157981	57456151789917	KD18136	4.07	652024742237
15371416174941	57456149430621	KD18137	7.19	652024742237
15371416273245	57456149823837	KD18140	7.79	652024742237
15371416568157	57456150675805	KD18141	10.79	652024742237
15371414143325	57456142451037	KD18142	34.79	652024742237
15371416076637	57456149266781	KD18144	15.59	652024742237
15371416731997	57456150937949	KD18196	4.62	652024742237
15371415617885	57456146514269	KD20538	10.19	652024742237
15371415683421	57456146645341	KD21302	7.19	652024742237
15371415322973	57456145662301	KD21303	3.78	652024742237
15371413291357	57456138256733	KD21012	17.03	652024742237
15371416011101	57456149201245	KD21073	6.59	652024742237
15371413324125	57456138453341	KD21074	13.19	652024742237
15371413946717	57456142254429	KD21075	22.19	652024742237
15371413913949	57456142057821	KD21077	2.75	652024742237
15371417092445	57456151429469	KD21304	1.43	652024742237
15371413356893	57456138486109	KD21013	35.99	652024742237
15371416895837	57456151134557	KD21028	1.46	652024742237
15371414503773	57456143106397	KD21029	6.30	652024742237
15371413389661	57456138518877	KD21305	11.99	652024742237
15371414176093	57456142483805	KD21076	10.79	652024742237
15371415028061	57456145039709	KD21017	15.59	652024742237
15371415257437	57456145563997	KD21025	5.87	652024742237
15371415748957	57456146710877	KD21026	11.75	652024742237
15371414241629	57456142745949	KD21027	15.35	652024742237
15371415978333	57456149168477	KD21016	11.99	652024742237
15371417190749	57456151822685	KD21174	1.31	652024742237
15371415093597	57456145236317	KD24042	1.31	652024742237
15371416469853	57456150544733	KD24048	8.39	652024742237
15371414471005	57456143040861	KD24051	12.95	652024742237
15371416535389	57456150610269	KD27165	1.79	652024742237
15371415912797	57456149102941	KD27166	4.91	652024742237
15371415847261	57456149037405	KD27187	1.62	652024742237
15371415421277	57456145760605	KD27220	4.79	652024742237
15371414733149	57456143434077	KD27221	6.35	652024742237
15371416404317	57456150479197	KD27222	1.14	652024742237
15371413487965	57456139010397	KD27223	2.62	652024742237
15371415486813	57456145924445	KD27224	1.55	652024742237
15371415781725	57456146743645	KD29960	5.15	652024742237
15371414995293	57456145006941	KD29963	6.35	652024742237
15371413520733	57456139239773	KD29964	6.83	652024742237
15371415159133	57456145367389	KD29965	5.63	652024742237
15371414929757	57456144843101	KD29966	4.79	652024742237
15371416863069	57456151101789	KD30262	2.75	652024742237
15371413422429	57456138944861	KD31239	39.59	652024742237
15371413651805	57456141009245	KD33485	4.62	652024742237
