product_id	TAX
15703026434397	652024742237
15703037083997	652024742237
15703036526941	652024742237
15703033479517	652024742237
15703036625245	652024742237
15703034921309	652024742237
15703038460253	652024742237
15559452885341	652024742237
15559452918109	652024742237
15703033413981	652024742237
15559452950877	652024742237
15559453016413	652024742237
15703022436701	652024742237
15703025484125	652024742237
15703036887389	652024742237
15703031775581	652024742237
15703026893149	652024742237
15703022862685	652024742237
15703034724701	652024742237
15703029842269	652024742237
15703027417437	652024742237
15703023452509	652024742237
15703027614045	652024742237
15559453770077	652024742237
15703035904349	652024742237
15703038591325	652024742237
15703033774429	652024742237
15703033610589	652024742237
15703025353053	652024742237
15703035707741	652024742237
15703036133725	652024742237
15703025844573	652024742237
15559455113565	652024742237
15703030137181	652024742237
15559455146333	652024742237
15703025942877	652024742237
15559455244637	652024742237
15703021912413	652024742237
15703027056989	652024742237
15703027679581	652024742237
15227336786269	652024742237
15703027745117	652024742237
15559455310173	652024742237
15703029973341	652024742237
15703027482973	652024742237
15227338916189	652024742237
15703026598237	652024742237
15703033708893	652024742237
15703029711197	652024742237
15703038656861	652024742237
15703038624093	652024742237
15227360149853	652024742237
15559455965533	652024742237
15703036232029	652024742237
15703035838813	652024742237
15703021977949	652024742237
15703023878493	652024742237
15703031087453	652024742237
15703036690781	652024742237
15703023616349	652024742237
15559456686429	652024742237
15559456751965	652024742237
15703037313373	652024742237
15703026336093	652024742237
15559456915805	652024742237
15559456981341	652024742237
15703026139485	652024742237
15703030464861	652024742237
15703033151837	652024742237
15703034560861	652024742237
15703037804893	652024742237
15703034364253	652024742237
15703026925917	652024742237
15559457636701	652024742237
15703036658013	652024742237
15703031611741	652024742237
15559457964381	652024742237
15703023944029	652024742237
15703033545053	652024742237
15703034233181	652024742237
15703036035421	652024742237
15703036199261	652024742237
15703025582429	652024742237
15703030333789	652024742237
15559458488669	652024742237
15559458685277	652024742237
15703022043485	652024742237
15559459045725	652024742237
15703031742813	652024742237
15559459406173	652024742237
15703036592477	652024742237
15703026205021	652024742237
15559461077341	652024742237
15559461437789	652024742237
15703034855773	652024742237
15559465959773	652024742237
15703036166493	652024742237
15703023812957	652024742237
15703030071645	652024742237
15703027253597	652024742237
15703022567773	652024742237
15703030890845	652024742237
15703034462557	652024742237
15703030104413	652024742237
15703036559709	652024742237
15559470481757	652024742237
15703023223133	652024742237
15703029940573	652024742237
15703031546205	652024742237
15703027286365	652024742237
15703033938269	652024742237
15703038427485	652024742237
15227348648285	652024742237
15559475364189	652024742237
15703034036573	652024742237
15559475429725	652024742237
15703022141789	652024742237
15703036264797	652024742237
15703026368861	652024742237
15559475691869	652024742237
15703036789085	652024742237
15559475724637	652024742237
15703022535005	652024742237
15559476085085	652024742237
15559476117853	652024742237
15403225252189	652024742237
15559476150621	652024742237
15703022240093	652024742237
15703025287517	652024742237
15703037444445	652024742237
15703037149533	652024742237
15559476248925	652024742237
15559476281693	652024742237
15703037182301	652024742237
15559476412765	652024742237
15559476576605	652024742237
15703023747421	652024742237
15227330363741	652024742237
15703034429789	652024742237
15703037018461	652024742237
15559476740445	652024742237
15703025647965	652024742237
15559481360733	652024742237
15703038558557	652024742237
15559481983325	652024742237
15703023059293	652024742237
15703033971037	652024742237
15703035937117	652024742237
15559482311005	652024742237
15703031677277	652024742237
15703026303325	652024742237
15703024009565	652024742237
15703035740509	652024742237
15703031513437	652024742237
15703034200413	652024742237
15703030989149	652024742237
15703037280605	652024742237
15703029776733	652024742237
15703036821853	652024742237
15703034167645	652024742237
15703026270557	652024742237
15559483916637	652024742237
15703034069341	652024742237
15703031382365	652024742237
15703035871581	652024742237
15703026794845	652024742237
15703037772125	652024742237
15703023518045	652024742237
15227358806365	652024742237
15703031251293	652024742237
15559501906269	652024742237
15559502004573	652024742237
15703022010717	652024742237
15559502135645	652024742237
15559502954845	652024742237
15703030268253	652024742237
15703030956381	652024742237
15703034134877	652024742237
15703031185757	652024742237
15703033905501	652024742237
15703035773277	652024742237
15703037247837	652024742237
15703031578973	652024742237
15703034823005	652024742237
15703022174557	652024742237
15703031021917	652024742237
15703022371165	652024742237
15703022698845	652024742237
15559549092189	652024742237
15703037346141	652024742237
15703030923613	652024742237
15559550009693	652024742237
15703034397021	652024742237
15703023485277	652024742237
15703022076253	652024742237
15703035806045	652024742237
15703027384669	652024742237
15703025549661	652024742237
15703026860381	652024742237
15703025877341	652024742237
15703034265949	652024742237
15703030038877	652024742237
15703033381213	652024742237
15703033512285	652024742237
15703037706589	652024742237
15703033577821	652024742237
15703026073949	652024742237
15703033315677	652024742237
15703035052381	652024742237
15703031316829	652024742237
15703023255901	652024742237
15703035969885	652024742237
15703034888541	652024742237
15703026532701	652024742237
15703023386973	652024742237
15703035150685	652024742237
15703023681885	652024742237
15703036363101	652024742237
15703037411677	652024742237
15703023845725	652024742237
15703037608285	652024742237
15703023583581	652024742237
15703026958685	652024742237
15703035019613	652024742237
15703023190365	652024742237
15703033119069	652024742237
15703031152989	652024742237
15703030628701	652024742237
15703023092061	652024742237
15703026008413	652024742237
15703025320285	652024742237
15703031349597	652024742237
15703023649117	652024742237
15703034298717	652024742237
15703031284061	652024742237
15703037641053	652024742237
15703023288669	652024742237
15703022993757	652024742237
15703022960989	652024742237
15703030661469	652024742237
15703029809501	652024742237
15703036068189	652024742237
15703025254749	652024742237
15703025418589	652024742237
15703022109021	652024742237
15703027548509	652024742237
15703030825309	652024742237
15703037542749	652024742237
15703022403933	652024742237
15703034986845	652024742237
15703036920157	652024742237
15703027351901	652024742237
15703023911261	652024742237
15703030202717	652024742237
15703025123677	652024742237
15703037477213	652024742237
15703029743965	652024742237
15559552205149	652024742237
15559552401757	652024742237
15559552598365	652024742237
15703027515741	652024742237
15559552631133	652024742237
15559552663901	652024742237
15703033839965	652024742237
15227358314845	652024742237
15703025779037	652024742237
15559564788061	652024742237
15703025680733	652024742237
15703023026525	652024742237
15703031710045	652024742237
15559624950109	652024742237
15703037739357	652024742237
15559625081181	652024742237
15703031120221	652024742237
15703031644509	652024742237
15703036100957	652024742237
15703030759773	652024742237
15703023714653	652024742237
15703034659165	652024742237
15403208016221	652024742237
15227332788573	652024742237
15559863501149	652024742237
15559669285213	652024742237
15559669350749	652024742237
15703021945181	652024742237
15703037575517	652024742237
15703025189213	652024742237
15703030727005	652024742237
15703030235485	652024742237
15559670071645	652024742237
15559670268253	652024742237
15559670563165	652024742237
15703026991453	652024742237
15559671054685	652024742237
15703034495325	652024742237
15703022338397	652024742237
15703025385821	652024742237
15703022272861	652024742237
15703033807197	652024742237
15703035183453	652024742237
15703030530397	652024742237
15703033217373	652024742237
15703038394717	652024742237
15703031415133	652024742237
15703023157597	652024742237
15703023550813	652024742237
15703022502237	652024742237
15703027122525	652024742237
15703034593629	652024742237
15227337638237	652024742237
15227350778205	652024742237
15703026172253	652024742237
15559746388317	652024742237
15703026696541	652024742237
15559747010909	652024742237
15703030497629	652024742237
15559747371357	652024742237
15703035216221	652024742237
15703036330333	652024742237
15703033282909	652024742237
15559757889885	652024742237
15703033643357	652024742237
15703023780189	652024742237
15703036461405	652024742237
15703036952925	652024742237
15703033348445	652024742237
15703034691933	652024742237
15703029875037	652024742237
15703026762077	652024742237
15703030399325	652024742237
15703030563165	652024742237
15703022207325	652024742237
15703035085149	652024742237
15559832994141	652024742237
15703023321437	652024742237
15227362771293	652024742237
