product_id	variant_id	sku	price	compare_at_price
15703036526941	58845862560093	K451901	2.96	3.19
15703033479517	58845851156829	KD32655	0.98	1.06
15703036625245	58845867475293	KD32672	0.78	0.86
15703034921309	58845854761309	KHCKD	0.71	1.38
15703038460253	58845873275229	TA9766	0.71	0.76
15559452885341	58282020733277	KD17510	1.68	1.94
15559452918109	58282020798813	KD22984	1.68	1.94
15703033413981	58845850992989	KD22982	1.68	1.78
15559452950877	58282020831581	KD22985	1.68	1.94
15559453016413	58282020929885	KD22981	1.68	1.94
15703022436701	58845825597789	9762	0.5	0.54
15703025484125	58845835100509	KD12871	6.64	7.18
15703036887389	58845868294493	KD12610	6.24	6.7
15703031775581	58845849190749	DP54334	0.72	0.77
15703026893149	58845840212317	KD12586	0.66	0.84
15703022862685	58845825925469	DP54768	10.49	11.38
15703034724701	58845854335325	DP54767	10.49	11.29
15703029842269	58845845848413	DP54012	0.9	1.02
15703027417437	58845842178397	KD22970	0.9	1.02
15703023452509	58845830906205	KD22966	0.9	1.02
15703027614045	58845842407773	DP54008	0.9	1.02
15559453770077	58282022240605	KD22971	0.9	1.12
15703035904349	58845861347677	KD17102	0.59	0.7
15703038591325	58845873373533	Z98393	0.78	0.84
15703033774429	58845852729693	Z91793	7.73	8.32
15703033610589	58845851353437	513002	8.2	8.82
15703025353053	58845834838365	513127	8.2	8.82
15703035707741	58845861052765	BML73710	8.58	9.24
15703036133725	58845861773661	BML71580	8.58	9.24
15703025844573	58845835919709	KD12400	5.46	5.98
15559455113565	58282024665437	KD12437	0.66	0.76
15703030137181	58845846176093	KD12434	0.66	0.7
15559455146333	58282024698205	KD13257	0.59	0.68
15703025942877	58845836083549	KD13256	0.59	0.66
15559455244637	58282024796509	BML73140	0.74	0.96
15703021912413	58845824844125	KD16573	0.78	0.9
15703027056989	58845841293661	KD12496	0.71	0.75
15703027679581	58845842506077	KD13244	0.73	0.84
15227336786269	56795772649821	8387S	2.27	2.78
15703027745117	58845842571613	KD13245	0.73	0.84
15559455310173	58282024862045	KD12512	0.66	0.8
15703029973341	58845846012253	KD17518	0.37	0.46
15703027482973	58845842243933	54393	0.71	0.76
15227338916189	56795782545757	KD13781	0.53	0.65
15703026598237	58845839196509	SAPS	0.77	0.82
15703033708893	58845851615581	17841	0.59	0.64
15703029711197	58845845717341	KD11615	0.88	0.96
15703038656861	58845873471837	UNI44459	0.82	0.87
15703038624093	58845873406301	UNI44501	0.82	0.87
15227360149853	56795862630749	KD22704	0.74	0.86
15559455965533	58282026402141	KD13252	0.59	0.68
15703036232029	58845861937501	8226	0.72	0.77
15703035838813	58845861183837	KD11324	0.78	0.85
15703021977949	58845824975197	20713	0.52	0.58
15703023878493	58845831594333	20677	0.61	0.7
15703031087453	58845847880029	503049	0.73	0.79
15703036690781	58845867835741	20676	0.61	0.82
15703023616349	58845831266653	KD17517	0.72	0.81
15559456686429	58282027745629	KD11607	2.33	2.86
15559456751965	58282027843933	DP53811	0.74	0.92
15703037313373	58845869113693	KD11539	2.3	2.48
15703026336093	58845836935517	KD11614	0.86	0.94
15559456915805	58282028073309	DP54711	1.42	1.75
15559456981341	58282028138845	16134	0.41	0.5
15703026139485	58845836411229	KD13659	0.78	0.84
15703030464861	58845846864221	KD13199	0.74	0.82
15703033151837	58845850730845	KI6729	2.58	2.77
15703034560861	58845854073181	DP53463	1.13	1.21
15703037804893	58845870162269	KD12417	0.78	0.94
15703034364253	58845853647197	XM2107R	2.58	16.63
15703026925917	58845840277853	9014	0.78	0.84
15559457636701	58282030530909	251519	0.74	0.92
15703036658013	58845867802973	14358	0.37	0.72
15703031611741	58845848830301	14361	0.37	0.72
15559457964381	58282030924125	KD12182	3.52	4.32
15703023944029	58845831692637	592100	0.9	0.97
15703033545053	58845851287901	X14364	0.35	0.72
15703034233181	58845853188445	KI6733	1.56	1.68
15703036035421	58845861478749	KD13769	0.47	0.57
15703036199261	58845861871965	KD12863	3.12	3.34
15703025582429	58845835493725	KD12864	3.12	3.34
15703030333789	58845846536541	TOOP	0.5	0.54
15559458488669	58282032595293	TRDD	0.5	0.61
15559458685277	58282032824669	KD18481	0.74	0.86
15703022043485	58845825040733	KD22991	3.26	3.46
15559459045725	58282033250653	XPCL	0.78	0.96
15703031742813	58845849157981	DP53289	0.83	0.94
15559459406173	58282033774941	KD12403	3.8	4.68
15703036592477	58845862691165	GB4746BLUE	0.31	0.34
15703026205021	58845836673373	513121	8.58	9.24
15559461077341	58282037510493	396142	0.43	0.54
15559461437789	58282037936477	DP53326Pink	0.61	0.74
15703034855773	58845854630237	SPER	1.8	1.9
15559465959773	58282073162077	HCCC	0.46	0.9
15703036166493	58845861806429	KD19275	0.56	0.58
15703023812957	58845831463261	9525W	2.08	2.26
15703030071645	58845846110557	KD12485	2.38	2.58
15703027253597	58845841817949	KD12612	1.18	1.3
15703022567773	58845825827165	BML88810	1.18	1.26
15703030890845	58845847650653	KD12615	6.24	6.46
15703034462557	58845853876573	KD12616	6.24	6.46
15703030104413	58845846143325	KD12619	5.46	5.74
15703036559709	58845862625629	KD12607	10.14	10.18
15559470481757	58282082599261	53323	0.61	0.74
15703023223133	58845830447453	81010	10.85	11.38
15703029940573	58845845979485	KD12618	6.24	6.46
15703031546205	58845848764765	739014B	2.39	2.62
15703027286365	58845841850717	BML88840_BLUE	0.78	0.84
15703033938269	58845852926301	KI6745	1.56	1.68
15703038427485	58845873176925	ADVTB	0.78	0.84
15227348648285	56795822293341	8696	0.59	0.71
15559475364189	58282095247709	KD12510	0.62	0.72
15703034036573	58845852991837	KD13620	2.74	5.26
15559475429725	58282095313245	KD12503	0.94	1.15
15703022141789	58845825139037	KD23156	0.61	0.78
15703036264797	58845861970269	XCR0030	1.72	1.85
15703026368861	58845837001053	PI051060	1.56	1.78
15559475691869	58282096165213	950050	1.33	1.63
15703036789085	58845868130653	KD13294	3.52	4.18
15559475724637	58282096197981	XA3728	0.94	1.15
15703022535005	58845825761629	3215	0.78	0.9
15559476085085	58282096853341	KD22706	1.03	1.27
15559476117853	58282096886109	XM2027	0.82	1
15403225252189	57598036640093	KD23287	4.37	5.38
15559476150621	58282096951645	KD22692	0.95	1.18
15703022240093	58845825302877	Z98497R	3.12	3.36
15703025287517	58845834740061	BSTC	0.37	0.72
15703037444445	58845869375837	BANS	0.74	0.81
15703037149533	58845868753245	8953	1.18	1.26
15559476248925	58282097082717	KD18486	0.43	0.54
15559476281693	58282097115485	KD22839	0.68	0.84
15703037182301	58845868949853	KD24874	0.78	0.9
15559476412765	58282097312093	KD23158	0.67	0.78
15559476576605	58282098327901	551802	0.78	0.96
15703023747421	58845831397725	KD16689	3.52	3.7
15227330363741	56795752989021	KD17111	0.74	0.86
15703034429789	58845853811037	KD22806	0.88	1.02
15703037018461	58845868458333	KD22808	0.88	1.02
15559476740445	58282098524509	KD12499	2.74	3.36
15703025647965	58845835592029	KD17042	0.68	0.68
15559481360733	58282135814493	551766RED	0.78	0.96
15703038558557	58845873340765	SKRT	1.33	1.43
15559481983325	58282140860765	SHEC	2.74	3.36
15703023059293	58845826122077	16446	1.09	1.18
15703033971037	58845852959069	KD18460	2.65	2.86
15703035937117	58845861380445	8951	1.02	1.09
15559482311005	58282145382749	XSBX	0.74	0.92
15703031677277	58845849059677	396133_12	0.94	1.01
15703026303325	58845836902749	512000R	0.88	0.94
15703024009565	58845831790941	512007R	0.64	0.69
15703035740509	58845861085533	KD22804	1.4	1.54
15703031513437	58845848731997	151265	0.78	0.84
15703034200413	58845853155677	KD12634	7.02	7.18
15703030989149	58845847781725	KD13090	5.46	5.98
15703037280605	58845869048157	KD17490	1.72	2.38
15703029776733	58845845782877	KD25322	7.02	7.18
15703036821853	58845868196189	76630	0.77	0.82
15703034167645	58845853122909	KD12506	0.94	1
15703026270557	58845836837213	PI551764Silver	1.09	1.18
15559483916637	58282157801821	TARU	0.72	0.89
15703034069341	58845853024605	KD00750	14.78	14.98
15703031382365	58845848338781	KD11540	0.74	0.82
15703035871581	58845861249373	KD22702	0.74	0.82
15703026794845	58845839786333	9761	0.71	0.76
15703037772125	58845870129501	KD16648	0.4	0.8
15703023518045	58845831168349	KD16649	0.4	0.8
15227358806365	56795857060189	KD12490	0.36	0.42
15703031251293	58845848043869	STDX	0.86	0.94
15559501906269	58282271080797	XM1850	0.78	0.96
15559502004573	58282271342941	JD3441	2.58	3.17
15703022010717	58845825007965	SPKK_SANTA	1.33	1.43
15559502135645	58282271703389	KD11544	5.7	7.01
15559502954845	58282277011805	DP54281	1.96	2.4
15703030268253	58845846438237	KD13293	3.36	4.18
15703030956381	58845847748957	XM1944	5.86	6.3
15703034134877	58845853090141	SD319	2.18	2.35
15703031185757	58845847978333	9709GRG	1.09	1.18
15703033905501	58845852893533	9688G	0.86	0.94
15703035773277	58845861118301	Z91744FE	0.88	0.94
15703037247837	58845869015389	8957	0.71	0.76
15703031578973	58845848797533	KD29382	4.64	5.38
15703034823005	58845854564701	KD22697	0.74	0.82
15703022174557	58845825204573	KD20119	1.25	1.42
15703031021917	58845847814493	KD20108	1.52	1.66
15703022371165	58845825499485	51478	3.12	3.36
15703022698845	58845825859933	KCHFK	2.38	2.38
15559549092189	58282508452189	KD22947	2.46	3.04
15703037346141	58845869179229	KD17505	2.46	2.74
15703030923613	58845847683421	KD22953	2.46	2.7
15559550009693	58282512417117	KD22946	2.46	3.04
15703034397021	58845853712733	KD23239	0.68	0.78
15703023485277	58845831135581	KD23152	0.78	0.9
15703022076253	58845825073501	KD23240	0.55	0.66
15703035806045	58845861151069	KD24886	1.49	1.62
15703027384669	58845842112861	KD24878	0.98	1.06
15703025549661	58845835428189	KD24879	0.98	1.06
15703026860381	58845840048477	KD23153	0.98	1.06
15703025877341	58845835952477	KD24883	0.98	1.06
15703034265949	58845853450589	KD24885	1.49	1.62
15703030038877	58845846077789	KD22790	0.71	0.82
15703033381213	58845850960221	KD22315	2.35	2.5
15703033512285	58845851255133	KD32652	0.98	1.06
15703037706589	58845870031197	KD32667	0.78	0.86
15703033577821	58845851320669	KD32650	0.98	1.06
15703026073949	58845836378461	KD32653	0.98	1.06
15703033315677	58845850894685	KD32673	0.78	0.86
15703035052381	58845855056221	KD32654	0.98	1.06
15703031316829	58845848273245	KD29171	0.78	0.9
15703023255901	58845830480221	KD32632	0.97	1.04
15703035969885	58845861413213	KD29180	0.86	0.94
15703034888541	58845854663005	KD32613	1.49	1.62
15703026532701	58845839032669	KD32612	1.49	1.62
15703023386973	58845830840669	KD32607	3.74	4.06
15703035150685	58845855252829	KD32611	3.74	4.06
15703023681885	58845831332189	KD18502	0.71	0.82
15703036363101	58845862101341	KD32620	0.71	0.82
15703037411677	58845869310301	KD32644	1.02	1.1
15703023845725	58845831528797	KD32629	0.78	0.86
15703037608285	58845869900125	KD32649	1.8	1.94
15703023583581	58845831233885	KD29179	0.86	0.94
15703026958685	58845840933213	KD32657	0.98	1.06
15703035019613	58845854892381	KD32671	0.78	0.86
15703023190365	58845830381917	KD32648	0.56	0.7
15703033119069	58845850698077	KD20145	0.71	0.82
15703031152989	58845847945565	KD12418	0.78	0.86
15703030628701	58845847191901	KD32614	0.5	0.58
15703023092061	58845826187613	KD32640	0.82	0.87
15703026008413	58845836149085	KD32639	0.78	0.86
15703025320285	58845834805597	KD20164	0.62	0.7
15703031349597	58845848306013	KD32668	0.78	0.86
15703023649117	58845831299421	KD32641	0.78	0.86
15703034298717	58845853516125	KD20159	0.74	0.82
15703031284061	58845848076637	KD28001	0.71	0.82
15703037641053	58845869965661	KD32778	0.62	0.7
15703023288669	58845830512989	KD28003	0.71	0.82
15703022993757	58845826023773	KD24890	0.74	0.82
15703022960989	58845825958237	KD24889	0.74	0.82
15703030661469	58845847224669	KD23155	4.61	5.14
15703029809501	58845845815645	KD32656	0.98	1.06
15703036068189	58845861511517	KD32674	0.78	0.86
15703025254749	58845834707293	KD20165	0.78	0.9
15703025418589	58845834969437	KD29170	0.71	0.82
15703022109021	58845825106269	KD24891	0.78	0.9
15703027548509	58845842309469	KD32775	0.62	0.7
15703030825309	58845847388509	KD28002	0.71	0.82
15703037542749	58845869801821	KD16670	0.77	0.87
15703022403933	58845825565021	KD16671	0.71	0.82
15703034986845	58845854859613	KD32818	0.62	0.7
15703036920157	58845868327261	KD12416	0.71	0.82
15703027351901	58845842080093	KD20142	0.71	0.82
15703023911261	58845831627101	KD16673	0.71	0.82
15703030202717	58845846372701	KD32770	0.94	1.06
15703025123677	58845834346845	JLS5611	2.34	2.52
15703037477213	58845869441373	KD16950	1.68	1.78
15703029743965	58845845750109	KD16946	0.92	1.02
15559552205149	58282523951453	KD16942	0.92	1.07
15559552401757	58282525000029	KD22973	0.92	1.07
15559552598365	58282526212445	KD22977	0.92	1.07
15703027515741	58845842276701	KD16945	0.92	1.06
15559552631133	58282526343517	KD22979	0.92	1.07
15559552663901	58282526409053	KD22978	0.92	1.07
15703033839965	58845852795229	9625GOLD	0.59	0.64
15227358314845	56795855421789	T9628	0.78	0.9
15703025779037	58845835854173	KD13234	6.64	7.18
15559564788061	58282593812829	KD16771	0.67	0.83
15703025680733	58845835657565	KD12491	1.8	1.93
15703023026525	58845826056541	PI151259	0.71	0.8
15703031710045	58845849125213	KD21385	2.74	2.78
15559624950109	58283033657693	AVNTNATIVITY	1.55	1.9
15703037739357	58845870096733	KD12495	0.78	0.9
15559625081181	58283034935645	KD17044	0.5	0.7
15703031120221	58845847912797	PECJ	0.3	0.7
15703031644509	58845849026909	KD23279	4.99	5.14
15703036100957	58845861708125	KD12501	2.03	2.18
15703030759773	58845847322973	STLT	1.49	1.62
15703023714653	58845831364957	9585	0.43	0.47
15703034659165	58845854204253	KD11635	11.63	11.62
15403208016221	57597996106077	SMKY	0.53	0.65
15227332788573	56795759116637	KD22716	1.13	1.38
15559863501149	58284511527261	SMCL	2.34	2.88
15559669285213	58283383882077	KD12100	0.78	0.9
15559669350749	58283384504669	55031	0.73	0.85
15703021945181	58845824909661	KD22840	14.86	14.98
15703037575517	58845869867357	X15996SILVER	0.66	0.58
15703025189213	58845834510685	KD18427	0.36	0.42
15703030727005	58845847290205	KD18423	0.43	0.5
15703030235485	58845846405469	KD18424	0.43	0.5
15559670071645	58283388371293	KD18426	0.43	0.5
15559670268253	58283388993885	KD20831	0.59	0.82
15559670563165	58283391844701	KD13255	0.73	0.85
15703026991453	58845841064285	KD19692	0.55	0.58
15559671054685	58283394531677	KD12435	0.74	0.86
15703034495325	58845853909341	KD11622	0.66	0.78
15703022338397	58845825433949	152087	0.78	0.84
15703025385821	58845834871133	151948	0.55	0.9
15703022272861	58845825368413	PS351902	1.56	1.68
15703033807197	58845852762461	SPLR	1.49	1.6
15703035183453	58845855318365	KD29375	1.6	1.66
15703030530397	58845846929757	KD11359	3.71	3.99
15703033217373	58845850763613	KD12181	5.86	6.3
15703038394717	58845873111389	BML88820_RED	1.18	1.26
15703031415133	58845848371549	KD20821	7.73	8.14
15703023157597	58845826253149	X14382REIN	0.37	0.58
15703023550813	58845831201117	KD16770	1.06	1.14
15703022502237	58845825630557	505025	2.46	2.65
15703027122525	58845841555805	KD20830	10.73	11.14
15703034593629	58845854138717	18606	14.44	15.58
15227337638237	56795776352605	8382GOLD	0.59	0.73
15227350778205	56795830059357	8382SILVER	0.59	0.73
15703026172253	58845836575069	KD20731	7.73	8.14
15559746388317	58283905810781	KD11518	7.96	9.79
15703026696541	58845839425885	KD33104	1.02	1.1
15559747010909	58283908825437	PI510032	1.49	1.82
15703030497629	58845846896989	KD33103	1.56	1.68
15559747371357	58283910922589	KD13617	3.44	4.25
15703035216221	58845855351133	KD33100	2.28	2.5
15703036330333	58845862068573	KD33102	2.3	2.5
15703033282909	58845850861917	KD21308	1.33	1.42
15559757889885	58283969675613	PI451910R	0.59	0.94
15703033643357	58845851386205	KD16856	0.73	0.79
15703023780189	58845831430493	505033S	0.89	0.96
15703036461405	58845862199645	KD29386	1.34	1.42
15703036952925	58845868392797	KD25135	1.04	1.42
15703033348445	58845850927453	KD25136	1.52	1.66
15703034691933	58845854269789	KD29384	1.08	1.42
15703029875037	58845845881181	KD32840	10.92	11.74
15703026762077	58845839655261	KD32838	7.02	7.54
15703030399325	58845846798685	CTBN	0.72	0.77
15703030563165	58845846962525	KD16772	1.62	1.74
15703022207325	58845825270109	KD33067	1.24	1.34
15703035085149	58845855121757	KD33068	1.24	1.34
15559832994141	58284354339165	DP54073	0.94	1.15
15703023321437	58845830578525	529025	0.84	0.94
15227362771293	56795871904093	K9554	1.02	0.75

