15389926097245	57554600821085	KD21386	3.94	652024742237
15389927178589	57554606981469	KD21387	6.58	652024742237
15389930193245	57554621825373	KD21389	2.14	652024742237
15389930291549	57554622087517	KD21390	1.78	652024742237
15389930357085	57554622447965	KD25992	3.94	652024742237
15389930455389	57554622644573	KD26425	1.9	652024742237
15389930488157	57554622710109	KD31402	2.82	652024742237
15391221940573	57559649747293	KD11433	1	652024742237
15391222006109	57559652860253	KD26334	1.02	652024742237
15391222071645	57559652991325	KD16002	1.54	652024742237
15391222137181	57559653024093	KD15996	1.78	652024742237
15391222202717	57559653089629	KD33698	1.58	652024742237
15391222235485	57559653155165	KD33510	0.84	652024742237
15391222301021	57559653220701	KD15055	1.16	652024742237
15391222399325	57559653581149	KD24991	0.95	652024742237
15391222464861	57559653613917	KD19024	0.94	652024742237
15391222497629	57559653679453	KD17723	1.18	652024742237
15391222563165	57559653744989	KD24454	1	652024742237
15391222628701	57559653810525	KD20510	0.96	652024742237
15391222694237	57559653843293	KD33526	0.82	652024742237
15391222759773	57559653941597	KD20338	0.96	652024742237
15391222825309	57559654105437	KD23045	1.26	652024742237
15391222890845	57559654170973	KD25528	1.06	652024742237
15391222956381	57559654236509	KD11447	1.18	652024742237
15391223021917	57559654302045	KD15254	1.02	652024742237
15391223054685	57559654334813	KD33536	1.14	652024742237
15391223152989	57559654433117	KD11280	1.02	652024742237
15391223185757	57559654465885	KD17724	1.18	652024742237
15391223251293	57559654531421	KD10113	0.96	652024742237
15391223349597	57559654629725	KD10154	0.94	652024742237
15391223415133	57559654793565	KD25560	0.94	652024742237
15391223447901	57559654826333	KD23554	1.18	652024742237
15391223513437	57559654891869	KD10144	1.12	652024742237
15391223644509	57559655350621	KD33522	0.82	652024742237
15391223677277	57559655383389	KD16006	1.78	652024742237
15391223742813	57559655448925	KD33553	1.14	652024742237
15391223775581	57559655481693	KD24294	1.02	652024742237
15391223873885	57559655579997	KD10186	0.96	652024742237
15391223906653	57559655612765	KD20582	1.2	652024742237
15391223972189	57559655678301	KD10147	0.96	652024742237
15391224037725	57559655711069	KD15047	1.14	652024742237
15391224103261	57559655809373	KD22527	0.94	652024742237
15391224168797	57559655842141	KD33538	1.78	652024742237
15391224299869	57559656104285	KD33505	1.04	652024742237
15391224332637	57559656169821	KD15067	1.56	652024742237
15391224365405	57559656202589	KD19023	1.3	652024742237
15391224496477	57559656333661	KD01544	1.04	652024742237
15391224562013	57559656464733	KD15554	0.94	652024742237
15391224594781	57559656497501	KD33555	1.1	652024742237
15391224660317	57559656530269	KD01624	2.22	652024742237
15391224725853	57559656628573	KD15883	1.5	652024742237
15391224758621	57559656661341	KD01606	1.04	652024742237
15391224824157	57559656726877	KD01643	2.3	652024742237
15391224889693	57559656792413	KD33363	1.19	652024742237
15391224955229	57559656825181	KD10107	0.94	652024742237
15391224987997	57559656890717	KD01590	0.92	652024742237
15391225053533	57559656956253	KD15038	0.94	652024742237
15391225151837	57559657021789	KD22320	1.04	652024742237
15391225217373	57559657120093	KD19566	0.94	652024742237
15391225250141	57559657152861	KD01593	0.92	652024742237
15391225348445	57559657251165	KD10428	1.18	652024742237
15391225446749	57559657447773	KD01585	1.91	652024742237
15391225545053	57559657808221	KD33549	1.26	652024742237
15391225708893	57559658201437	KD01525	1.18	652024742237
15391225839965	57559658332509	KD20545	1.38	652024742237
15391225905501	57559658430813	KD26542	0.94	652024742237
15391226003805	57559658561885	KD01543	0.93	652024742237
15391226036573	57559658594653	KD33697	0.92	652024742237
15391226134877	57559658692957	KD01630	2.38	652024742237
15391226167645	57559658725725	KD16007	1.78	652024742237
15391226233181	57559658791261	KD20579	0.86	652024742237
15391226331485	57559658889565	KD10155	0.96	652024742237
15391226364253	57559658955101	KD22709	1.14	652024742237
15391226462557	57559659053405	KD01592	0.92	652024742237
15391226495325	57559659086173	KD16020	0.94	652024742237
15391226593629	57559659315549	KD10182	0.92	652024742237
15391226691933	57559659446621	KD26544	0.94	652024742237
15391226724701	57559659479389	KD33550	1.82	652024742237
15391226790237	57559659544925	KD20397	0.94	652024742237
15391226921309	57559660069213	KD19568	0.94	652024742237
15391226986845	57559660134749	KD15886	1.02	652024742237
15391227052381	57559660298589	KD10432	0.96	652024742237
15391227183453	57559660396893	KD24999	1.02	652024742237
15391227248989	57559660527965	KD01591	1.04	652024742237
15391227347293	57559660593501	KD10185	0.94	652024742237
15391227445597	57559660691805	KD25561	0.94	652024742237
15391227478365	57559660757341	KD19420	3.58	652024742237
15391227576669	57559660888413	KD22140	1	652024742237
15391227642205	57559660986717	KD01552	0.84	652024742237
15391227707741	57559661052253	KD01589	1.02	652024742237
15391227740509	57559661085021	KD01587	0.96	652024742237
15391227806045	57559661183325	KD01634	2.22	652024742237
15391227871581	57559661248861	KD01581	1.28	652024742237
15391227969885	57559661740381	KD26541	0.95	652024742237
15391228002653	57559661773149	KD27268	1.02	652024742237
15391228133725	57559661871453	KD33548	1.26	652024742237
15391228166493	57559661936989	KD01601	0.88	652024742237
15391228232029	57559662002525	KD10127	2.37	652024742237
15391228330333	57559662100829	KD15983	1.1	652024742237
15391228395869	57559662133597	KD01529	0.9	652024742237
15391228428637	57559662199133	KD33514	0.84	652024742237
15391228526941	57559662264669	KD10177	1.73	652024742237
15391228559709	57559662330205	KD11210	0.86	652024742237
15391228625245	57559662395741	KD11463	1.18	652024742237
15391228723549	57559662494045	KD15079	1.17	652024742237
15391228789085	57559662559581	KD01597	0.92	652024742237
15391228821853	57559662592349	KD27039	1.01	652024742237
15391228985693	57559662756189	KD01527	1.12	652024742237
15391229051229	57559662821725	KD20662	1.04	652024742237
15391229116765	57559662887261	KD33507	0.84	652024742237
15391229182301	57559662920029	KD22525	1.26	652024742237
15391229247837	57559663018333	KD20381	1.3	652024742237
15391229313373	57559663083869	KD25068	1	652024742237
15391229378909	57559663116637	KD01651	0.96	652024742237
15391229444445	57559663214941	KD33541	0.84	652024742237
15391229509981	57559663313245	KD24286	1.18	652024742237
15391229542749	57559663346013	KD27037	1.02	652024742237
15391229641053	57559663444317	KD33513	0.84	652024742237
15391229739357	57559663739229	KD15070	1.02	652024742237
15391229772125	57559663771997	KD01528	1.12	652024742237
15391229870429	57559663870301	KD01568	0.93	652024742237
15391229935965	57559663935837	KD22439	1.08	652024742237
15391229968733	57559664001373	KD11461	1.18	652024742237
15391230067037	57559664099677	KD27984	1.18	652024742237
15391230132573	57559664165213	KD12092	2.1	652024742237
15391230165341	57559664394589	KD22510	0.93	652024742237
15391230263645	57559664492893	KD25062	1.06	652024742237
15391230329181	57559664558429	KD01642	2.22	652024742237
15391230394717	57559664623965	KD19565	0.94	652024742237
15391230460253	57559664820573	KD11166	0.9	652024742237
15391230525789	57559664853341	KD33509	0.84	652024742237
15391230591325	57559664951645	KD10190	0.94	652024742237
15391230656861	57559665017181	KD24812	0.94	652024742237
15391230689629	57559665049949	KD25064	1.06	652024742237
15391230820701	57559665181021	KD01631	2.38	652024742237
15391230886237	57559665213789	KD15054	1.32	652024742237
15391231017309	57559665377629	KD33547	1.26	652024742237
15391231082845	57559665443165	KD33552	1.76	652024742237
15391231148381	57559665508701	KD23267	0.94	652024742237
15391231213917	57559665672541	KD01526	1.19	652024742237
15391231246685	57559665705309	KD10172	1.19	652024742237
15391231377757	57559665803613	DI1147	1.02	652024742237
15391231476061	57559665934685	KD23048	0.96	652024742237
15391231574365	57559666196829	KD10115	0.7	652024742237
15391231639901	57559666262365	KD01519	1.26	652024742237
15391231738205	57559666360669	KD15993	1.78	652024742237
15391231803741	57559667769693	KD27030	1.01	652024742237
15391231902045	57559667867997	KD15072	2.98	652024742237
15391231967581	57559667933533	KD01523	1.18	652024742237
15391232000349	57559667966301	KD18083	0.94	652024742237
15391232098653	57559668064605	KD19517	0.94	652024742237
15391232164189	57559668130141	KD01638	2.38	652024742237
15391232196957	57559668162909	KD27024	0.96	652024742237
15391232295261	57559668261213	KD29260	0.95	652024742237
15391232393565	57559668326749	KD33551	1.76	652024742237
15391232426333	57559668490589	KD24736	0.94	652024742237
15391232524637	57559668556125	KD19026	0.94	652024742237
15391232622941	57559668687197	KD20380	0.96	652024742237
15391232688477	57559668752733	KD15986	1.06	652024742237
15391232786781	57559668818269	KD15891	0.78	652024742237
15391232819549	57559668883805	KD24989	0.94	652024742237
15391232885085	57559668916573	KD15985	1.18	652024742237
15391232950621	57559669014877	KD18088	1.5	652024742237
15391233016157	57559669080413	KD29312	1.38	652024742237
15391233081693	57559669145949	KD22707	1.14	652024742237
15391233147229	57559669211485	KD16005	1.78	652024742237
15391233245533	57559669309789	KD24297	0.94	652024742237
15391233311069	57559669375325	KD28283	2.78	652024742237
15391233343837	57559669408093	KD15882	1.5	652024742237
15391233442141	57559669932381	KD23725	3.82	652024742237
15391233507677	57559670030685	KD25559	1.62	652024742237
15391233573213	57559670096221	KD15884	1.5	652024742237
15391233605981	57559670128989	KD33521	0.82	652024742237
15391233704285	57559670227293	KD33527	0.82	652024742237
15391233737053	57559670260061	KD01567	0.93	652024742237
15391233802589	57559670325597	KD19029	0.9	652024742237
15391233933661	57559670489437	KD10168	1.18	652024742237
15391233999197	57559670554973	KD10169	0.96	652024742237
15391234130269	57559670686045	KD01586	0.94	652024742237
15391234163037	57559670718813	KD22785	2.14	652024742237
15391234261341	57559670817117	KD11669	1.18	652024742237
15391234392413	57559670915421	KD10174	1.18	652024742237
15391234425181	57559670980957	KD16004	1.76	652024742237
15391234556253	57559671112029	KD25562	1.78	652024742237
15391234720093	57559671374173	KD16011	0.96	652024742237
15391234785629	57559671439709	KD01600	0.67	652024742237
15391234851165	57559671505245	KD16000	1.78	652024742237
15391234949469	57559671603549	KD20585	0.82	652024742237
15391235015005	57559671669085	KD01605	0.96	652024742237
15391235113309	57559671767389	KD01579	0.72	652024742237
15391235146077	57559671800157	KD21879	1.02	652024742237
15391235244381	57559671898461	KD33543	1.14	652024742237
15391235309917	57559671963997	KD11985	1.19	652024742237
15391235408221	57559672062301	KD23266	0.96	652024742237
15391235473757	57559672127837	KD16001	1.78	652024742237
15391235506525	57559672160605	KD15042	1.62	652024742237
15391235604829	57559672258909	KD15052	1.61	652024742237
15391235670365	57559672324445	KD22522	1.02	652024742237
15391235735901	57559672389981	KD01619	0.92	652024742237
15391235834205	57559672488285	KD15991	1.1	652024742237
15391235899741	57559672553821	KD15990	1.1	652024742237
15391235965277	57559672619357	KD20468	0.92	652024742237
15391236030813	57559672684893	KD11695	0.92	652024742237
15391236129117	57559672783197	KD33531	0.86	652024742237
15391236161885	57559672815965	KD28282	1	652024742237
15391236227421	57559672914269	KD33530	0.9	652024742237
15391236292957	57559672947037	KD10140	0.96	652024742237
15391236391261	57559673078109	KD15887	1.76	652024742237
15391236489565	57559673176413	KD15068	1.34	652024742237
15391236555101	57559673241949	KD10126	1.54	652024742237
15391236620637	57559673274717	KD11891	0.97	652024742237
15391236718941	57559673471325	KD01632	2.22	652024742237
15391236784477	57559673536861	KD19350	0.94	652024742237
15391236882781	57559673635165	KD23268	0.98	652024742237
15391237013853	57559673766237	KD01580	0.66	652024742237
15391237210461	57559673962845	KD33546	0.75	652024742237
15391237308765	57559674093917	KD15898	0.94	652024742237
15391237439837	57559674224989	KD28284	0.94	652024742237
15391237505373	57559674290525	KD33557	1	652024742237
15391237538141	57559674323293	KD27032	0.96	652024742237
15391237603677	57559674388829	KD18436	1.76	652024742237
15391237669213	57559674454365	KD01625	2.22	652024742237
15391237767517	57559675306333	KD33534	1.37	652024742237
15391237898589	57559675437405	KD18694	1.1	652024742237
15391237931357	57559675470173	KD33525	0.82	652024742237
15391237996893	57559675535709	KD10176	1.86	652024742237
15391238062429	57559675601245	KD01636	2.22	652024742237
15391238127965	57559675666781	KD18695	0.92	652024742237
15391238193501	57559675732317	KD01535	1.03	652024742237
15391238259037	57559675797853	KD01532	2.38	652024742237
15391238324573	57559675863389	KD24745	1.18	652024742237
15391238357341	57559675896157	KD15885	1.5	652024742237
15391238455645	57559675994461	KD01542	1.12	652024742237
15391238521181	57559676059997	KD15045	1.54	652024742237
15391238619485	57559676223837	KD11457	0.58	652024742237
15391238717789	57559676322141	KD15999	1.76	652024742237
15391238750557	57559676354909	KD33528	0.82	652024742237
15391238816093	57559676420445	KD19349	0.96	652024742237
15391238881629	57559676485981	KD10150	0.9	652024742237
15391238947165	57559677698397	KD01521	1.17	652024742237
15391239045469	57559677796701	KD15984	1.04	652024742237
15391239111005	57559677829469	KD01520	1.34	652024742237
15391239176541	57559678681437	KD22526	0.94	652024742237
15391239242077	57559678746973	KD21217	1.9	652024742237
15391239307613	57559678812509	KD24298	0.95	652024742237
15391239340381	57559678845277	KD24303	0.94	652024742237
15391239438685	57559678943581	KD16010	1.04	652024742237
15391239536989	57559679009117	KD33532	1.62	652024742237
15391239635293	57559679271261	KD24289	0.94	652024742237
15391239668061	57559679336797	KD24285	0.96	652024742237
15391239766365	57559679566173	KD01628	2.5	652024742237
15391239831901	57559679664477	KD33512	0.84	652024742237
15391239897437	57559679795549	KD15062	1.26	652024742237
15391239995741	57559679926621	KD27027	1.01	652024742237
15391240061277	57559680155997	KD33520	0.82	652024742237
15391240126813	57559680221533	KD01595	0.92	652024742237
15391240225117	57559680450909	KD10159	1.56	652024742237
15391240421725	57559681007965	KD01549	0.96	652024742237
15391240454493	57559681171805	KD33537	1.78	652024742237
15391240552797	57559681302877	KD33695	0.66	652024742237
15391240716637	57559681499485	KD15992	1.78	652024742237
15391240946013	57559681794397	KD15048	1.19	652024742237
15391243174237	57559688905053	KD24785	1.36	652024742237
15391243305309	57559689167197	KD11164	0.92	652024742237
15391243436381	57559690117469	KD01641	2.38	652024742237
15391243469149	57559690183005	KD24856	1.06	652024742237
15391243567453	57559690346845	KD22708	1.14	652024742237
15391243632989	57559690445149	KD33518	0.82	652024742237
15391243698525	57559690576221	KD20473	1.5	652024742237
15391243764061	57559690641757	KD15860	0.96	652024742237
15391243829597	57559690772829	KD15077	0.98	652024742237
15391243895133	57559690871133	KD01594	0.92	652024742237
15391243927901	57559690969437	KD15044	1.24	652024742237
15391243993437	57559691100509	KD01607	1.04	652024742237
15391244091741	57559691231581	KD21394	1.01	652024742237
15391244157277	57559691329885	KD10149	0.96	652024742237
15391244190045	57559691395421	KD33556	0.9	652024742237
15391244288349	57559691559261	KD27035	1.5	652024742237
15391244386653	57559691690333	KD01629	2.22	652024742237
15391244452189	57559691755869	KD25066	1.06	652024742237
15391244517725	57559691919709	KD01564	2.23	652024742237
15391244583261	57559692018013	KD25529	1.28	652024742237
15391244648797	57559692149085	KD01646	2.38	652024742237
15391244714333	57559692247389	KD01546	1.04	652024742237
15391244779869	57559692378461	KD24992	0.95	652024742237
15391244878173	57559692476765	KD33540	1.78	652024742237
15391244943709	57559692607837	KD24291	0.66	652024742237
15391245009245	57559692738909	KD23599	1.04	652024742237
15391245140317	57559692968285	KD11212	1.18	652024742237
15391245205853	57559693066589	KD16019	1.26	652024742237
15391245238621	57559693132125	KD18087	1.5	652024742237
15391245304157	57559693230429	KD01604	1.04	652024742237
15391245402461	57559693394269	KD01540	0.88	652024742237
15391245435229	57559693459805	KD10114	0.94	652024742237
15391245500765	57559693590877	KD19571	1.02	652024742237
15391245599069	57559693721949	KD28194	1.18	652024742237
15391245631837	57559693787485	KD28193	1.18	652024742237
15391245697373	57559693885789	KD21499	0.94	652024742237
15391245795677	57559694016861	KD01598	0.92	652024742237
15391246123357	57559694934365	KD01537	0.95	652024742237
15391246156125	57559694999901	KD01626	2.22	652024742237
15391246254429	57559695262045	KD11444	0.89	652024742237
15391246352733	57559695393117	KD24977	1.18	652024742237
15391246385501	57559695458653	KD27031	0.94	652024742237
15391246451037	57559695556957	KD01572	0.95	652024742237
15391246549341	57559695720797	KD10183	0.95	652024742237
15391246614877	57559695851869	KD20001	1.02	652024742237
15391246778717	57559696146781	KD11434	1.06	652024742237
15391246877021	57559696376157	KD11161	0.9	652024742237
15391246975325	57559696638301	KD10133	1.19	652024742237
15391247040861	57559696703837	KD01623	2.22	652024742237
15391247073629	57559696802141	KD27029	1.01	652024742237
15391247171933	57559696965981	KD24980	1.06	652024742237
15391247237469	57559697064285	KD28187	0.96	652024742237
15391247270237	57559697129821	KD15039	1.38	652024742237
15391247401309	57559697293661	KD15096	1	652024742237
15391247434077	57559697391965	KD33535	1.14	652024742237
15391247532381	57559697523037	KD11456	0.58	652024742237
15391247630685	57559697654109	KD33515	0.82	652024742237
15391247696221	57559697785181	KD21313	1.66	652024742237
15391247794525	57559697916253	KD10111	0.96	652024742237
15391247860061	57559698014557	KD10178	0.96	652024742237
15391247958365	57559698145629	KD20421	0.9	652024742237
15391247991133	57559698211165	KD33533	1.37	652024742237
15391248089437	57559698342237	KD01635	2.22	652024742237
15391248220509	57559698506077	KD01533	1.19	652024742237
15391248286045	57559698768221	KD27028	1.01	652024742237
15391248384349	57559698899293	KD24981	1.86	652024742237
15391248744797	57559699587421	KD33544	0.75	652024742237
15391248810333	57559699652957	KD10175	1.04	652024742237
15391248875869	57559699784029	KD01576	0.88	652024742237
15391248941405	57559699915101	KD10124	1.18	652024742237
15391249006941	57559700013405	KD19022	1.01	652024742237
15391249072477	57559700111709	KD24287	0.94	652024742237
15391249138013	57559700242781	KD25494	1.18	652024742237
15391249236317	57559700373853	KD26332	1.04	652024742237
15391249269085	57559700537693	KD20584	1	652024742237
15391249334621	57559700668765	KD15073	0.94	652024742237
15391249432925	57559700799837	KD19567	0.94	652024742237
15391249531229	57559700898141	KD11167	0.9	652024742237
15391249563997	57559702831453	KD33517	0.82	652024742237
15391249695069	57559702995293	KD01608	0.96	652024742237
15391250317661	57559704469853	KD23046	0.99	652024742237
15391250383197	57559704568157	KD27025	0.79	652024742237
15391250448733	57559704633693	KD20952	1.5	652024742237
15391250514269	57559704699229	KD21216	0.96	652024742237
15391250547037	57559704731997	KD33696	1.19	652024742237
15391250645341	57559704830301	KD10145	0.92	652024742237
15391250743645	57559704994141	KD24983	0.58	652024742237
15391250809181	57559705059677	KD10116	1.18	652024742237
15391250841949	57559705092445	KD10118	1.04	652024742237
15391250973021	57559708434781	KD01616	1.04	652024742237
15391251005789	57559708467549	KD11655	0.94	652024742237
15391251104093	57559708565853	KD10163	0.94	652024742237
15391251136861	57559708598621	KD11652	0.93	652024742237
15391251202397	57559708664157	KD01582	1.18	652024742237
15391251267933	57559708729693	KD01618	0.92	652024742237
15391251399005	57559708893533	KD13623	0.72	652024742237
15391251431773	57559708926301	KD26543	0.94	652024742237
15391251497309	57559708991837	KD22557	0.94	652024742237
15391251562845	57559709057373	KD01596	0.92	652024742237
15391251628381	57559709122909	KD33516	0.82	652024742237
15391251726685	57559709188445	KD15893	1.1	652024742237
15391251792221	57559709319517	KD11446	0.94	652024742237
15391251890525	57559709417821	KD10158	1.18	652024742237
15391251923293	57559709450589	KD33529	0.82	652024742237
15391252054365	57559709548893	KD33511	0.84	652024742237
15391252119901	57559709679965	KD24292	0.66	652024742237
15391252218205	57559709778269	KD10429	0.96	652024742237
15391252316509	57559709942109	KD21215	1.42	652024742237
15391252480349	57559710105949	KD33508	0.84	652024742237
15391252578653	57559710204253	KD33554	1.14	652024742237
15391252611421	57559710302557	KD20951	1.5	652024742237
15391252742493	57559710499165	KD27269	1.82	652024742237
15391252775261	57559710564701	KD10162	0.98	652024742237
15391252873565	57559710663005	KD19031	1.18	652024742237
15391252939101	57559710728541	KD15859	1.62	652024742237
15391253037405	57559710826845	KD01614	1.5	652024742237
15391253168477	57559710957917	KD11667	1.18	652024742237
15391253266781	57559711023453	KD15998	1.78	652024742237
15391253365085	57559711121757	KD01639	2.38	652024742237
15391253594461	57559711777117	KD10188	0.95	652024742237
15391253659997	57559711875421	KD33524	0.82	652024742237
15391253758301	57559711940957	KD01583	1.21	652024742237
15391253856605	57559712072029	KD01566	0.94	652024742237
15391253954909	57559712170333	KD33519	0.82	652024742237
15391254053213	57559712268637	KD11653	0.94	652024742237
15391254118749	57559712334173	KD27261	1	652024742237
15391254217053	57559712432477	KD01633	2.22	652024742237
15391254348125	57559712563549	KD22286	0.89	652024742237
15391254380893	57559712629085	KD01522	2.01	652024742237
15391254446429	57559712694621	KD19032	0.96	652024742237
15391254511965	57559715119453	KD33542	1.14	652024742237
15391254544733	57559715152221	KD33523	0.82	652024742237
15391254643037	57559715250525	KD11448	0.98	652024742237
15391282331997	57559769317725	KD11587	8.14	652024742237
15391282430301	57559769383261	KD28810	7.18	652024742237
15391282495837	57559769481565	KD17974	5.62	652024742237
15391282594141	57559769579869	KD28812	7.54	652024742237
15391282659677	57559769645405	KD26181	6.34	652024742237
15391282692445	57559769678173	KD11742	0.74	652024742237
15391282790749	57559769776477	KD11746	1.58	652024742237
15391282856285	57559770202461	KD11749	1.58	652024742237
15391282954589	57559770300765	kd11750	1.22	652024742237
15391283052893	57559770399069	KD13949	3.7	652024742237
15391283151197	57559770497373	KD26632	2.18	652024742237
15391283249501	57559770628445	KD28505	3.74	652024742237
15391283347805	57559770726749	KD30612	2.54	652024742237
15391283413341	57559770792285	KD30613	4.5	652024742237
15391283511645	57559770890589	KD21928	6.46	652024742237
15391283577181	57559770956125	KD31236	2.58	652024742237
15391283675485	57559771054429	KD21927	2.02	652024742237
15391283806557	57559771185501	KD31235	2.58	652024742237
15391283904861	57559771283805	KD33153	2.46	652024742237
15391284003165	57559771382109	KD17406	1.78	652024742237
15391284068701	57559771447645	KD31234	2.58	652024742237
15391284134237	57559771513181	KD28503	2.98	652024742237
15391284199773	57559771578717	KD11976	2.54	652024742237
15391284232541	57559771611485	KD16051	2.58	652024742237
15391284429149	57559771808093	KD11739	0.98	652024742237
15391284494685	57559771840861	KD11975	2.54	652024742237
15391284560221	57559771939165	KD24089	3.5	652024742237
15391284658525	57559772004701	KD11743	1.76	652024742237
15391284691293	57559772070237	KD11125	2.54	652024742237
15391284822365	57559772201309	KD13950	3.54	652024742237
15391284920669	57559772299613	KD20723	2.81	652024742237
15391285117277	57559772627293	KD24090	3.34	652024742237
15391285248349	57559772758365	KD11747	1.58	652024742237
15391285346653	57559772823901	KD23862	3.28	652024742237
15391285477725	57559773020509	KD11748	1.58	652024742237
15391285576029	57559773118813	KD21929	2.02	652024742237
15391285707101	57559773249885	KD11973	3.58	652024742237
15391285772637	57559773315421	KD24873	3.34	652024742237
15391285903709	57559773413725	KD28504	2.74	652024742237
15391286002013	57559773544797	KD11971	2.38	652024742237
15391286133085	57559773643101	KD15818	4.18	652024742237
15391286231389	57559774036317	KD21910	1.46	652024742237
15391286329693	57559774134621	KD11744	1.58	652024742237
15391286460765	57559774265693	KD11751	2.38	652024742237
15391286624605	57559774429533	KD26002	0.94	652024742237
15391286690141	57559774495069	KD25983	1.1	652024742237
15391286788445	57559774593373	KD27109	2.98	652024742237
15391286886749	57559774822749	KD18270	0.99	652024742237
15391286952285	57559774888285	KD18271	2.14	652024742237
15391287017821	57559774953821	KD18272	2.14	652024742237
15391287148893	57559775117661	KD18276	1.14	652024742237
15391287247197	57559775215965	KD18278	1.14	652024742237
15391287279965	57559775248733	KD18279	0.94	652024742237
15391287411037	57559775347037	KD27895	1.1	652024742237
15391287509341	57559777509725	KD29324	0.82	652024742237
15391287607645	57559778066781	KD29328	1.1	652024742237
15391287673181	57559778132317	KD29334	1.1	652024742237
15391287771485	57559778263389	KD33003	4.3	652024742237
15391287837021	57559778328925	KD33024	3.34	652024742237
15391289737565	57559783702877	KD33027	4.54	652024742237
15391289835869	57559783801181	KD33029	4.54	652024742237
15391289966941	57559783932253	KD33001	4.3	652024742237
15391290032477	57559783997789	KD31141	2.38	652024742237
15391290130781	57559784161629	KD33030	4.54	652024742237
15391290294621	57559784423773	KD31143	2.38	652024742237
15391290392925	57559785865565	KD31144	2.74	652024742237
15391290523997	57559786062173	KD31142	2.86	652024742237
15391290556765	57559786160477	KD32999	4.3	652024742237
15391290720605	57559786357085	KD33026	3.34	652024742237
15391290818909	57559786455389	KD27892	1.14	652024742237
15391290982749	57559786651997	KD25990	1.1	652024742237
15391291081053	57559786783069	KD18274	1.42	652024742237
15391291212125	57559786979677	KD33002	4.3	652024742237
15391291244893	57559787045213	KD31148	1.06	652024742237
15391291408733	57559787274589	KD25984	1.1	652024742237
15391291539805	57559787438429	KD18273	1.42	652024742237
15391291638109	57559787602269	KD33032	1.02	652024742237
15391291801949	57559787831645	KD18275	1.42	652024742237
15391291867485	57559787962717	KD27893	1.14	652024742237
15391292031325	57559788355933	KD33028	4.54	652024742237
15391292195165	57559788519773	KD29327	0.66	652024742237
15391292293469	57559788585309	KD33031	0.82	652024742237
15391292391773	57559788683613	KD33005	4.3	652024742237
15391292457309	57559788781917	KD33004	4.3	652024742237
15391292588381	57559788912989	KD18285	0.92	652024742237
15391292653917	57559789011293	KD31146	0.9	652024742237
15391292784989	57559789306205	KD31138	2.86	652024742237
15391292850525	57559789371741	KD29330	1.1	652024742237
15391293047133	57559789601117	KD25989	1.1	652024742237
15391293145437	57559789699421	KD31145	2.22	652024742237
15391293178205	57559789732189	KD18282	0.92	652024742237
15391293374813	57559790158173	KD25985	1.1	652024742237
15391293407581	57559790223709	KD18281	0.92	652024742237
15391293505885	57559790322013	KD27891	1.14	652024742237
15391293538653	57559790354781	KD29329	1.1	652024742237
15391293702493	57559790518621	KD18283	0.92	652024742237
15391293768029	57559790584157	KD33023	0.94	652024742237
15391293931869	57559790747997	KD29332	1.1	652024742237
15391294030173	57559790846301	KD25987	1.1	652024742237
15391294095709	57559790977373	KD18284	0.92	652024742237
15391294423389	57559791436125	KD18310	1.02	652024742237
15391294587229	57559791567197	KD25986	1.1	652024742237
15391294685533	57559791698269	KD18263	0.78	652024742237
15391294849373	57559791862109	KD25988	1.1	652024742237
15391294914909	57559791927645	KD31151	0.58	652024742237
15391295013213	57559792025949	KD29331	0.9	652024742237
15391295111517	57559792124253	KD27894	1.14	652024742237
15391295242589	57559792255325	KD18286	0.92	652024742237
15391295373661	57559792386397	KD18287	1.02	652024742237
15391295439197	57559792451933	KD25991	3.3	652024742237
15391295537501	57559792550237	KD31147	0.94	652024742237
15391295570269	57559792583005	KD26005	0.9	652024742237
15391295668573	57559792681309	KD25994	0.7	652024742237
15391295734109	57559792746845	KD32987	1.06	652024742237
15391295832413	57559792845149	KD31150	0.58	652024742237
15391295930717	57559793336669	KD25993	0.7	652024742237
15391296061789	57559793434973	KD18280	0.94	652024742237
15391296094557	57559793533277	KD17017	1.68	652024742237
15391296127325	57559793566045	KD14211	0.92	652024742237
15391296323933	57559793762653	KD17019	2.02	652024742237
15391296422237	57559793860957	KD24688	2.26	652024742237
15391296455005	57559793893725	KD14034	0.92	652024742237
15391296553309	57559794024797	KD14035	0.92	652024742237
15391296651613	57559794155869	KD20902	0.9	652024742237
15391296749917	57559794221405	KD14151	1.34	652024742237
15391296913757	57559794385245	KD24687	2.26	652024742237
15391296979293	57559794450781	KD17018	1.38	652024742237
15391297110365	57559794581853	KD14226	1.05	652024742237
15391297143133	57559794614621	KD14033	1.26	652024742237
15391297241437	57559794712925	KD14153	0.94	652024742237
15391297306973	57559794778461	KD17014	1.18	652024742237
15391297503581	57559794975069	KD17016	1.8	652024742237
15391297601885	57559795106141	KD13997	1.34	652024742237
15391297700189	57559795269981	KD25380	0.82	652024742237
15391297798493	57559795695965	KD20903	0.9	652024742237
15391297929565	57559795925341	KD14134	0.82	652024742237
15391298060637	57559796089181	KD11211	0.94	652024742237
15391298126173	57559796154717	KD11217	1.22	652024742237
15391298224477	57559796580701	KD14946	1.14	652024742237
15391298388317	57559796711773	KD11214	0.94	652024742237
15391298421085	57559796777309	KD11208	0.82	652024742237
15391298552157	57559796908381	KD32850	1.14	652024742237
15391298781533	57559797137757	KD32847	1.98	652024742237
15391298945373	57559797301597	KD33677	5.98	652024742237
15391299010909	57559797367133	KD24689	1.66	652024742237
15391299404125	57559800971613	KD32849	2.62	652024742237
15391299502429	57559801037149	KD32852	3.7	652024742237
15391299633501	57559801200989	KD29058	1.02	652024742237
15391299961181	57559801561437	KD24690	1.66	652024742237
15391300026717	57559801659741	KD32854	1.54	652024742237
15391300190557	57559802708317	KD20061	1.74	652024742237
15391300288861	57559802773853	KD11681	3.1	652024742237
15391300419933	57559803101533	KD18473	1.78	652024742237
15391300583773	57559803560285	KD11231	2.46	652024742237
15391300649309	57559803658589	KD11225	2.58	652024742237
15391300747613	57559803724125	KD17560	2.34	652024742237
15391300878685	57559803920733	KD17561	2.34	652024742237
15391301042525	57559804084573	KD20062	1.78	652024742237
15391301140829	57559804182877	KD28636	7.78	652024742237
15391301271901	57559804313949	KD29174	1.55	652024742237
15391301370205	57559804445021	KD28621	1.54	652024742237
15391301468509	57559804510557	KD28613	1.14	652024742237
15391301534045	57559804608861	KD28603	0.46	652024742237
15391301665117	57559804739933	KD28623	3.94	652024742237
15391301763421	57559804838237	KD28615	1.54	652024742237
15391301828957	57559805100381	KD29786	8.74	652024742237
15391301960029	57559805231453	KD28633	6.34	652024742237
15391302058333	57559805296989	KD28629	7.9	652024742237
15391302156637	57559805919581	KD29785	10.78	652024742237
15391302320477	57559806640477	KD28628	4.3	652024742237
15391302418781	57559807459677	KD28635	4.06	652024742237
15391302648157	57559807852893	KD28631	6.82	652024742237
15391302779229	57559808082269	KD31528	5.98	652024742237
15391302844765	57559808311645	KD28637	3.9	652024742237
15391302975837	57559808573789	KD28634	2.74	652024742237
15391303041373	57559808639325	KD28630	2.74	652024742237
15391303172445	57559808770397	KD28598	3.46	652024742237
15391303270749	57559809032541	KD28626	5.26	652024742237
15391303336285	57559809098077	KD28602	0.82	652024742237
15391303500125	57559809261917	KD28614	1.66	652024742237
15391303598429	57559809360221	KD28620	1.54	652024742237
15391303631197	57559809392989	KD28600	0.78	652024742237
15391303762269	57559809524061	KD28607	1.02	652024742237
15391303827805	57559809589597	KD28605	1.06	652024742237
15391303926109	57559809687901	KD28611	0.46	652024742237
15391304057181	57559809818973	KD28604	0.66	652024742237
15391304122717	57559809884509	KD28610	0.78	652024742237
15391304286557	57559810048349	KD28608	0.94	652024742237
15391304417629	57559810146653	KD28612	0.7	652024742237
15391304515933	57559810277725	KD28622	2.38	652024742237
15391304614237	57559810376029	KD28599	0.9	652024742237
15391304745309	57559810507101	KD28609	0.46	652024742237
15391304778077	57559810572637	KD28606	0.82	652024742237
