product_id	collectionId
15630965244253	652024742237
15630965342557	652024742237
15630965440861	652024742237
15630965506397	652024742237
15630965571933	652024742237
15630965604701	652024742237
15630965670237	652024742237
15630965735773	652024742237
15630965801309	652024742237
15630965866845	652024742237
15630965965149	652024742237
15630965997917	652024742237
15630966030685	652024742237
15630966128989	652024742237
15630966194525	652024742237
15630966260061	652024742237
15630966325597	652024742237
15630966423901	652024742237
15630966456669	652024742237
15630966522205	652024742237
15630966587741	652024742237
15630966653277	652024742237
15630966784349	652024742237
15630966849885	652024742237
15630967013725	652024742237
15630967112029	652024742237
15630967177565	652024742237
15630967243101	652024742237
15630967275869	652024742237
15630967341405	652024742237
15630967374173	652024742237
15630967439709	652024742237
15630967472477	652024742237
15630967570781	652024742237
15630967603549	652024742237
15630967669085	652024742237
15630967701853	652024742237
15630967767389	652024742237
15630967832925	652024742237
15630967931229	652024742237
15630967963997	652024742237
15630968029533	652024742237
15630968062301	652024742237
15630968127837	652024742237
15630968160605	652024742237
15630968226141	652024742237
15630968324445	652024742237
15630968357213	652024742237
15630968455517	652024742237
15630968488285	652024742237
15630969864541	652024742237
15630969930077	652024742237
15630969995613	652024742237
15630970061149	652024742237
15630970093917	652024742237
15630970192221	652024742237
15630970224989	652024742237
15630970290525	652024742237
15630970323293	652024742237
15630970388829	652024742237
15630970454365	652024742237
15630970519901	652024742237
15630970650973	652024742237
15630970749277	652024742237
15630970847581	652024742237
15630970913117	652024742237
15630970945885	652024742237
15630970978653	652024742237
15630971044189	652024742237
